accx,accy,accz,gyrx,gyry,gyrz
12.4591675,0.35662842,2.5299682999999997,-0.17466736,-0.32250977,0.47157288
10.254105000000001,-1.7502746999999999,4.3303986,-0.12992859,-0.24581909,0.21377563
9.004333500000001,-1.2355194,3.7557983,-0.16615295,-0.12330627400000001,0.058258057
9.315582000000001,-2.068695,2.5634918,-0.24711609,0.026885986,-0.058929443
10.699432,-2.5714874,2.063095,-0.34298706,0.09080505,-0.19847107
11.942017,-1.5180358999999999,1.3544159,-0.42820740000000007,0.106781006,-0.31991577
11.705002,-0.38317870000000004,1.0766907,-0.53686523,0.14726257,-0.38383484
10.474380499999999,0.016647339,0.9713440000000001,-0.6465911999999999,0.13874817,-0.43176270000000005
9.435286999999999,0.20339966,0.78219604,-0.6817321999999999,0.09933472,-0.41471863
8.472824000000001,0.05973816,0.67445374,-0.6540375,0.18241882,-0.31459045
7.4337463,-0.14137268,0.36082458,-0.628479,0.42849729999999997,-0.21978760000000003
7.3858643,0.16268921,0.020843506,-0.6092987,0.57870483,-0.1579895
8.353119,0.37817383,-0.07014465,-0.5773468,0.50413513,-0.17398071
9.475997999999999,0.33268738,-0.2928009,-0.567749,0.26445007,-0.19314575
10.479172,0.22254944,-1.0254211,-0.6508484,0.05671692,-0.16012573
9.873428,-0.20123291,-1.3127289,-0.7392578000000001,-0.07110596,-0.1579895
9.066589,-0.34487915,-0.7189635999999999,-0.6700134,-0.22770691,-0.28157043
8.580566000000001,-0.28741455,-0.2568817,-0.4005127,-0.22984314,-0.45094300000000004
8.338745,0.32310486,-0.54418945,-0.062820435,-0.10093689,-0.53297424
8.736191,1.2664185,-0.99668884,0.11508179,-0.17124939,-0.4797058
10.177489999999999,1.4268341,-0.92007446,0.19923401,-0.29801940000000005,-0.38490295
11.992294000000001,0.29437256,-0.6064453000000001,0.13212585,-0.24900818,-0.40620422
13.828659,-1.5755005,1.0359802,0.044769287000000005,-0.25326538,-0.58729553
14.405655,-4.177994,1.7374878,0.045837402,-0.15420532,-0.7034149000000001
11.788788,-4.122925,1.0886536,0.014938354499999999,-0.15846252,-0.5734558000000001
10.883789,-1.024826,3.3320160000000003,-0.031921387,-0.10733032,-0.2474823
11.027435,0.22254944,3.3966675000000004,0.06713867,0.0077209473,0.077423096
10.665909,0.9072876,2.5754547000000003,0.20030212,-0.023178099999999997,0.26278687
10.931671000000001,0.42605590000000004,1.6010132,0.23545837,-0.11265564,0.33096313
11.594864,-0.64894104,1.1173859,0.24717712,-0.07110596,0.32670593
11.410507,-0.8021698,1.7422790000000001,0.24397278,-0.013595581,0.27662659999999994
10.134399,-1.1517181,1.6369323999999998,0.24290466,0.08229065,0.22444153
9.164749,-1.0152588,0.96894836,0.25357056,0.21971129999999997,0.17436218
8.520706,-0.48612976,0.54278564,0.27166748,0.28149414,0.13282776
7.539092999999999,-0.21798706,0.4158782999999999,0.30789185,0.25379944,0.10939026
7.105728,-0.23713684,0.48052979999999995,0.34944153,0.23036194,0.089141846
7.4935913,-0.43107605,0.61460876,0.375,0.28468323,0.06890869
7.759353599999999,-0.88357544,0.49249268,0.3941803,0.38801575,0.06037903
7.840759299999999,-1.3480530000000002,0.095062256,0.4410553,0.42742920000000006,0.03694153
8.638031,-1.2403107,-0.36701965,0.5060272,0.37843323,-0.005661010699999999
9.746536,-0.759079,-0.9990844999999999,0.5283966,0.2548523,-0.034423828
10.108063000000001,-0.5866852,-1.4515991000000001,0.46128845,0.19627379999999997,0.03907776
10.100876,-0.9434203999999999,-1.5593261999999999,0.16088867,0.08654785,0.23721313
9.916534,-1.6329651,-1.3941344999999998,-0.34831238,0.07057189999999999,0.49501038
10.067368,-2.178833,-1.360611,-0.75097656,0.062042235999999994,0.6302948
10.357056,-1.0918732,-1.5425719999999998,-0.9160919,-0.18829346,0.38635254
10.912521,0.4619751,-1.7508698,-0.8361969000000001,-0.5483551,0.0018005370999999999
12.219757000000001,2.1283263999999997,-1.7867737000000001,-0.55070496,-0.52171326,-0.006729125999999999
15.076035000000001,4.7811127,-0.2640686,-0.38665770000000005,-0.28416443,0.20526123
14.307495000000001,4.845749,1.050354,-0.29930115,-0.19041443,0.2776947
10.084122,-1.5060577,2.6808014,-0.19703674,-0.23410034,0.16159058
9.037857,-3.0982056,4.900223,-0.17466736,-0.22877502,0.0028533936
9.988358,-2.4876862,4.069442700000001,-0.19598389,-0.21173096,-0.10580444
11.171097,-1.8699799,2.714325,-0.17466736,-0.15846252,-0.15480042
11.602051,-0.68963623,2.786148,-0.1309967,-0.066848755,-0.121780396
11.125595,0.5936431999999999,2.221115,-0.15655518,0.08868408,-0.09194946
10.306778,0.64871216,1.45018,-0.21835327,0.17070007,-0.11218262
9.847092,-0.08390808,1.2107544,-0.2801361,0.14726257,-0.18249512
9.222214,-0.85723877,0.9737396,-0.36747742,0.16644287,-0.24215698
8.381851,-0.7830199999999999,0.55474854,-0.42395020000000005,0.1770935,-0.24215698
7.699493400000001,-0.07911682,0.18125916,-0.43992615,0.23248291,-0.17610168
7.476837,0.45239258,0.123794556,-0.46548462,0.36138916,-0.096206665
7.5343018,1.031784,-0.44602966,-0.48892212,0.48814392,-0.053604125999999995
7.6396484,1.0126343,-0.8099518,-0.5528411999999999,0.47109985,-0.022705077999999997
7.9652557,0.710968,-0.79797363,-0.6806793000000001,0.22715760000000002,-0.018447876000000002
8.664368,0.70617676,-0.90571594,-0.7839965999999999,0.07376099,-0.07064819
9.526276,0.6750488,-0.6902313,-0.7254181,0.0077209473,-0.1537323
10.041031,0.8019409000000001,-0.23773193,-0.49317932,-0.18829346,-0.29115295
9.923706,1.2305145,-0.13717651,-0.11608887,-0.23728943,-0.404068
9.62204,1.651886,-1.2073822,0.2450409,-0.061523438,-0.4093933
9.796814,1.8745421999999998,-1.7029877,0.33772278,0.1174469,-0.30393982
10.855057,0.8929290999999999,-1.0972443,0.421875,0.17070007,-0.26771545
12.317917,-0.4765625,-0.16590881,0.5241394,-0.031692505,-0.4562683
14.005829,-1.3576202,0.79896545,0.60723877,-0.26712036,-0.6139220999999999
14.671417000000002,-3.7494354,0.32011414,0.658371,-0.25646973,-0.58729553
11.999481,-3.6440887,1.5627136000000001,0.56355286,-0.30227659999999995,-0.40620422
11.415298,-1.4414215,6.205063,0.43678284,-0.18615723,-0.09941101
10.61084,-0.7518921,4.916992,0.38671875,-0.001876831,0.13708496
9.3754425,0.47633362,3.3224487000000003,0.37393188,0.03327942,0.27450562
9.595703,1.6470947,2.312088,0.33239746,-0.080703735,0.34693909999999994
10.890961,1.6638641,1.6752319,0.28871155,-0.12330627400000001,0.36079407
11.743300999999999,0.9432068000000001,1.644104,0.2876587,-0.07005310000000001,0.35758972
10.871811,0.335083,1.3879242,0.33239746,0.0034637451,0.34161377
9.241364,-0.10066223,0.9282379000000001,0.39524840000000006,0.043930054,0.32989502
8.125671,-0.00010681152,0.6313629,0.44850159999999994,0.12382507,0.30645752
7.2015076,-0.07194519,0.40391540000000004,0.50816345,0.23994446,0.27662659999999994
6.8495482999999995,-0.5483856,0.24829102,0.5805969,0.21650696,0.23828125
7.088974,-0.65852356,0.37757874,0.6178894,0.16430664,0.19567871
7.8048399999999996,-0.62739563,0.5619354,0.6594238,0.17495728,0.15306091
8.506348,-0.8811798000000001,0.56433105,0.738266,0.21224976,0.10832214
8.836746,-1.0607452,0.30815125,0.77767944,0.23461914,0.05718994
9.332336,-0.99131775,-0.2425232,0.6967163000000001,0.19946289,0.023101807000000002
9.935684,-0.64175415,-0.80755615,0.4495697,0.13554382,0.124298096
10.218200999999999,-0.50050354,-1.4707489,-0.010620117,0.08547974,0.3203125
10.093703999999999,-0.9721527,-2.021408,-0.42500305,0.07801819,0.46731567
10.01709,-1.2857971000000001,-2.320694,-0.5720215,0.05671692,0.53549194
10.170319000000001,0.0046691895,-2.4619446,-0.59651184,-0.09454346,0.38316345
11.130386,1.323883,-2.3757477000000002,-0.51342773,-0.31825256,0.14880371
12.463959,2.774765,-2.0190125,-0.38452148,-0.51745605,0.25532532
13.799926999999999,3.9503174,-0.43405150000000003,-0.2364502,-0.36724854,0.49394226
13.486282000000001,1.888916,1.3496246,-0.15443420000000002,-0.13609314,0.4960785
11.286011,-1.4318389999999999,4.280121,-0.06175232,-0.06578064,0.20419312
9.801605,-1.8699799,5.9273375999999995,0.043701172,0.042877197,-0.07597351
10.380997,-1.2953796,4.15802,0.11187744,0.14086914,-0.22937012
11.369812,-1.4462128,2.2450562,0.16835022,0.17283629999999997,-0.2943573
12.437622,-1.5467681999999998,2.0798492,0.17793274,0.17390442,-0.26452637
12.463959,-0.23953247,2.1157684,0.09803772,0.19306946,-0.21446228
11.472763,0.4452057,1.7710113999999997,-0.02659607,0.20478821,-0.24215698
10.275665,0.026229857999999998,1.4358215,-0.1586914,0.20372010000000002,-0.32524109999999995
8.635635,-0.52923584,0.98091125,-0.28652954,0.14939879999999997,-0.35932922
7.156006,-0.73753357,0.080703735,-0.38665770000000005,0.051391599999999996,-0.275177
6.619705000000001,-0.40234375,-0.43405150000000003,-0.45271300000000003,0.07482910000000001,-0.110061646
6.6963196,0.3542328,-0.4771576,-0.49850464,0.16963196,0.0028533936
6.8495482999999995,1.0150299,-0.40771484,-0.49424744,0.1685791,0.0028533936
7.335571300000001,1.6566772,-0.41969300000000004,-0.44844055,-0.08602905,-0.045074462999999995
8.084961,1.8458099,-0.6830596999999999,-0.43992615,-0.36299133,-0.09408569
8.657181,0.89772034,-0.8889618,-0.3312683,-0.5046692,-0.18356323
9.193481,-0.16531372,-0.28800964,0.009613037,-0.45674133,-0.33802795
9.322769000000001,-0.02166748,0.06872558599999999,0.43998718,-0.32250977,-0.52337646
8.79364,0.47872925,-1.0733032,0.6924591,-0.1446228,-0.56492615
9.363464,0.7588501,-1.7796020000000001,0.6306609999999999,-0.09347534,-0.47117615
11.444030999999999,0.68463135,-1.1547089,0.4410553,0.055648804,-0.45413208
13.797531,-0.15812683,0.44221497,0.28126526,-0.13290405,-0.6650543000000001
14.78154,-1.8053436,1.4789124,0.23439026,-0.18083191,-0.8823700000000001
14.321854,-3.2490387000000003,0.41349792,0.26634216,-0.0061340330000000005,-0.800354
12.74408,-1.5180358999999999,1.8787383999999998,0.12786865,0.0087890625,-0.36253357
12.286789,0.40930176,5.0343018,-0.08200073,0.0055847169999999995,0.13601685
11.585281,0.68463135,3.7174834999999997,-0.14057922,-0.0146484375,0.38955688
10.534225,2.4611206,2.7574158,-0.23432922,-0.08496094,0.40020752
10.349884,2.9447632,2.063095,-0.3312683,-0.08602905,0.26704407
11.209396,1.0653076000000001,1.747055,-0.31741333,-0.03489685,0.14559937
10.2565,-0.11503601,1.4166565,-0.27160645,-0.001876831,0.114715576
8.7864685,-0.33769226,0.53559875,-0.25883484,0.08229065,0.12322998
8.207061999999999,-0.18206787,-0.036621094,-0.18638611,0.09400939999999999,0.087020874
7.318817,0.5098572,0.06872558599999999,-0.039382935,0.083343506,-0.02909851
6.3132477,0.66548157,0.2554779,0.11721802,0.1259613,-0.121780396
6.3156433,-0.09588623,0.107040405,0.18432617,0.15153503,-0.18356323
7.3283997,-1.0200348,0.33688354,0.18539429,0.024765015,-0.20912170000000002
8.726608,-1.7047881999999999,0.42785645,0.21734619,-0.20852661,-0.26771545
9.916534,-1.395935,-0.082107544,0.31002808,-0.30014038,-0.29008484
10.550995,-0.70401,-0.9033203000000002,0.29617309999999997,-0.21812439,-0.19847107
9.969208,0.19142151,-1.0661316,0.09590149,-0.16804504,0.03375244
9.478394,0.27282715,-1.0948486000000002,-0.27160645,-0.1446228,0.22549438
8.970825,0.028625487999999998,-1.4707489,-0.43353270000000005,-0.09667969,0.2926178
8.7314,-0.07672119,-2.4691315,-0.3025055,-0.40028379999999997,0.33735657
9.119263,0.20339966,-3.4172363,-0.13632202,-0.6452941999999999,0.33735657
10.910126,0.26324463,-3.060501,-0.076660156,-0.6676635999999999,0.32563782
12.849426,1.4962616000000002,-0.027038574,-0.08944702,-0.5270385999999999,0.42257690000000003
14.053710999999998,3.2895203,2.9848632999999998,-0.0287323,-0.34169006,0.42790222
12.887725999999999,2.853775,3.600174,0.056488037000000005,-0.3331604,0.28834534
10.517471,-0.19165039,4.588973999999999,0.10336304,-0.39068604,0.079559326
10.091308999999999,-1.3600159,3.2290802000000003,0.045837402,-0.31079102,-0.08769226
10.857452,-0.9889220999999999,1.4860992,-0.09051514,-0.13609314,-0.2506714
11.475159,-0.89553833,1.4070892,-0.21514893,-0.026367188,-0.32844543
12.05455,0.026229857999999998,1.4693298000000001,-0.3547058,-0.00932312,-0.26664734
12.004272,1.3190918,0.6648864999999999,-0.51982117,-0.022109985,-0.19741821
11.8941345,1.7883606,-0.3502655,-0.6231536999999999,-0.04447937,-0.21232605
10.778442,1.7021636999999998,-0.6447449000000001,-0.63912964,-0.09774780000000001,-0.2794342
8.681122,1.323883,-0.75009155,-0.567749,-0.10839844,-0.25280762
7.024338,1.007843,-1.0038757,-0.45697020000000005,-0.07537842,-0.100479126
6.614928999999999,0.8378601000000001,-1.0517578,-0.35256958,-0.025299072000000002,0.05505371
6.930953999999999,0.9743347,-0.77163696,-0.28652954,0.10145569,0.16691589999999998
7.0674285999999995,1.2113495,-0.39335632,-0.26521300000000003,0.12382507,0.20632935
7.0698240000000006,0.90249634,-0.52983093,-0.36109924,-0.024246216,0.18075562
7.2852936,0.5266113,-1.0158539,-0.534729,-0.17550659,0.13708496
8.23819,0.51942444,-1.3582153000000001,-0.5858612,-0.27565002,0.013519287
9.222214,1.2113495,-1.1355591,-0.39091492,-0.33955383,-0.21232605
9.461624,2.08284,-1.4779205,-0.10223389,-0.3203888,-0.3806305
9.203049,2.3557892000000002,-2.6750336,0.021331787,-0.22451782,-0.3806305
9.981171,2.4395752,-3.2256927,-0.002105713,-0.1765747,-0.29647827
11.671478,2.2576141,-2.3470306,3.0517577999999997e-05,0.053527832000000004,-0.37104797
12.5381775,1.3526154,-0.5896759,0.06927489999999999,-0.09561157,-0.57025146
12.971527,-0.14855957,0.21237183,0.13426208,-0.10733032,-0.6458893
13.069687,-1.2570648000000002,0.09027099599999999,0.09590149,-0.08389282,-0.43815613
12.791962,-0.47895813,2.046341,-0.06707764,-0.15739441,-0.077041626
12.0737,0.39253235,3.5594788,-0.014877318999999998,-0.060455322,0.19886779999999998
11.482330000000001,0.40690613,0.758255,0.1395874,0.011978148999999999,0.34268188
11.520645,0.40930176,-0.16830444,0.15556335,0.08973694,0.40979004
11.8941345,0.8354645,-0.46278379999999997,0.09057617,0.27403259999999996,0.43109129999999996
12.629166,1.0222168,0.7391052,0.07992554,0.48709106,0.39381409999999994
11.297989,0.14353943,1.1389313,0.13531494,0.62983704,0.32989502
9.50473,-0.57951355,-0.08689880000000001,0.19604492,0.6990814000000001,0.26704407
8.302841,-0.08869934,-1.3127289,0.2695465,0.6841583000000001,0.19993591
7.452896000000001,0.44760132,-1.487503,0.32814026,0.5669860999999999,0.13282776
7.2039029999999995,0.37098694,-1.0110626,0.30789185,0.38587952,0.06037903
7.5366974,0.0046691895,-0.46038818,0.24397278,0.25273132,-0.023773192999999998
8.300446,-0.15573120000000001,-0.31674194,0.22799683,0.21331787,-0.08023071
8.6284485,-0.08869934,-0.4915161,0.29510498,0.21224976,-0.12817383
8.353119,0.18185425,-0.75727844,0.40483093,0.12702942,-0.16865539999999998
8.128052,0.1986084,-1.1331635,0.45703125,-0.08709717,-0.14840698
8.575775,-0.012084961000000002,-1.2720337,0.30149840000000006,-0.28842163,0.013519287
9.045044,-0.05278015,-1.3031464,-0.057495117000000005,-0.3289032,0.19567871
8.810410000000001,-0.031234741,-1.5114441,-0.19703674,-0.33210754,0.25639343
8.312408,0.11959839,-1.9974669999999999,-0.13632202,-0.37791443,0.28089905
8.939697,0.22973633,-2.8450165000000003,-0.13739014,-0.43223572,0.14880371
11.197433,0.45239258,-2.7229156000000003,-0.150177,-0.44395447,0.03375244
12.954773,2.6742096,-1.4994812,-0.29185486,-0.48869324,0.25106812
13.780776999999999,2.7556152000000003,0.53559875,-0.3110199,-0.41944885,0.38316345
13.807098000000002,0.21296692,1.8979034,-0.14164734,-0.24475098,0.29154968
12.133560000000001,-0.22994995,3.7749481,0.02986145,-0.06259155,0.09979248
9.887802,0.94081116,3.5020142,0.10549927,0.17283629999999997,-0.037628174
10.929275500000001,0.23213196,2.0247955,0.044769287000000005,0.43914795,-0.11325073
12.430435000000001,-0.17250061,1.5579223999999998,-0.09265137,0.50520325,-0.15161133
13.143906,-0.62260437,1.0790863000000002,-0.25456238,0.35499573,-0.13456726
13.376144,0.16029358,0.27941895,-0.37068176,0.26231384,-0.10685730000000002
12.648315,1.2113495,-0.6399536,-0.46868896,0.23780823,-0.096206665
10.594086,1.7691956000000002,-0.45799255,-0.5539093,0.19094849,-0.09194946
8.142425999999999,1.7739868000000003,-0.127594,-0.5560303000000001,0.09933472,-0.05999756
6.7585754,1.1778412,-0.52983093,-0.45803833,0.02583313,0.02949524
6.322830000000001,1.0533295,-1.1810455,-0.28225708,-0.053009033,0.13815308
6.028351,1.0653076000000001,-1.2672424,-0.09477234,-0.10733032,0.19886779999999998
6.069046,0.8019409000000001,-0.7596741,0.014938354499999999,-0.115859985,0.18714905
6.322830000000001,0.6894226,-0.5609436,0.0042877196999999995,-0.104141235,0.10939026
6.634078999999999,0.7205353,-0.84825134,-0.12780762,-0.2032013,-0.0014038085999999999
7.4433136,0.5266113,-1.2433014,-0.13418579,-0.40879822,-0.15905762
8.645203,0.6894226,-1.5282135000000001,0.15449524,-0.43223572,-0.35507202
9.341919,1.4627379999999999,-1.7963561999999997,0.5433197,-0.24581909,-0.5287018
9.068985000000001,1.9846802,-2.3996887000000005,0.6924591,-0.12118530000000001,-0.53616333
9.598099000000001,1.9224243000000003,-2.1914062000000003,0.5752716,-0.13290405,-0.42538452
11.748092999999999,2.08284,-1.1140136999999999,0.44744873,0.16537476,-0.30606079999999997
14.034560999999998,1.323883,-0.015075683999999999,0.32174683,0.14300537,-0.36785890000000004
15.138275,-0.5843048000000001,-0.015075683999999999,0.2919159,0.1770935,-0.5297699
13.957947,-1.5156403,-1.5689087,0.31428528,0.16537476,-0.49035645
11.568527,0.6606903000000001,0.61460876,0.25250244,0.054595947,-0.18675232
11.187851,1.3047333,3.4972230000000004,0.23757935,0.051391599999999996,0.124298096
10.955612,0.48591614,2.4725037,0.375,0.13128662,0.3245697
10.586899,0.88334656,1.7446747,0.47726440000000003,0.16218567,0.39060974
10.6707,1.0006714,0.54278564,0.45063782,0.13661194,0.36184692
11.841461,0.41886902,0.49967957,0.37287903,0.18135071,0.31285095
11.822311000000001,0.61520386,0.8372649999999999,0.36009216,0.21864319,0.26171875
10.345092999999999,0.44760132,0.29617309999999997,0.43785095,0.2239685,0.22549438
8.961243,-0.05038452,-0.41011047,0.5390625,0.27722168,0.19033813
8.017928999999999,0.256073,-0.8219146999999999,0.59124756,0.23780823,0.14027405
7.361908000000001,0.51464844,-0.5992584,0.5805969,0.18562317,0.08062744
7.139251700000001,0.27043152,-0.16351318,0.5252074999999999,0.17922974,0.035888672
7.634857000000001,-0.23474121,0.39193726,0.4730072,0.08441162,0.023101807000000002
8.128052,-0.86442566,0.46138,0.46554565,0.02583313,0.032684326
8.661972,-1.0104674999999999,-0.027038574,0.49325562,0.16323853,-0.006729125999999999
8.999542,-0.09828186,-0.7812195,0.48258972,0.16218567,-0.05253601
9.181503,0.95996094,-1.6263733,0.36541748,-0.13076782,0.010314941
9.703445,1.3717651000000002,-2.6965790000000003,0.063949585,-0.32357788,0.10939026
10.050597999999999,0.8067321999999999,-3.6734161,-0.2598877,-0.37896729999999995,0.15092468
9.310791,0.27761840000000004,-3.1418915000000003,-0.36642456,-0.44076538,0.1946106
8.726608,0.55055237,-2.7372742000000003,-0.35682678,-0.5430298000000001,0.17436218
9.708236999999999,1.0748901000000002,-2.6079865,-0.34724426,-0.6250458000000001,0.21165466
11.240524,1.4411926000000002,-1.5713043,-0.44631958,-0.6964264,0.45559692
12.451981,2.367752,0.7965698,-0.3578949,-0.63464355,0.63456726
13.167847,2.5664673,2.2187195,-0.19598389,-0.43969727,0.46838379999999996
11.089691,0.86898804,3.5115814,-0.09158325,-0.39601135,0.16159058
8.977997,-0.917099,2.8627625,-0.09477234,-0.33955383,-0.061050415
11.039413,-0.79737854,0.6313629,-0.19277954,-0.23728943,-0.18995667
12.985901,-0.53401184,0.18843079,-0.2364502,-0.18508911,-0.18995667
12.614792,-1.4150848,0.43504333,-0.2566986,-0.10307312,-0.07383728
12.667465,-0.4765625,0.32011414,-0.24072266,0.069503784,0.049728394
12.942795,0.7875824,0.011260986,-0.17573547,0.32730103,0.077423096
11.602051,1.6686401000000002,0.15969849,-0.13951111,0.5392914000000001,0.038009644
9.282059,1.2520599,-0.36941528,-0.19703674,0.61172485,0.032684326
7.373886,0.335083,-1.0948486000000002,-0.26841736,0.63516235,0.1477356
6.880676299999999,-0.332901,-1.7580566000000002,-0.2598877,0.6213074000000001,0.28408813
6.880676299999999,-0.09109497,-1.9783172999999998,-0.15762329,0.53608704,0.31924438
7.270935000000001,0.8163147,-1.6598816000000003,-0.06707764,0.39759827,0.24681091
7.4002229999999996,1.4483795,-1.5305939,-0.103302,0.26551820000000004,0.19779968
7.330795299999999,1.6782226999999998,-1.3462524,-0.32273865,0.15153503,0.16691589999999998
7.737808,1.8673706,-0.8027649,-0.4559021,0.16537476,0.04121399
8.341141,1.3382416000000001,-1.0852814,-0.26948547,0.26231384,-0.17503357
8.489578,0.99827576,-1.8011475,-0.027664185,0.25166320000000003,-0.31777954
8.482407,1.5704803,-3.3453980000000003,-0.020202637,0.15898132,-0.30180359999999995
9.875824,2.3102875,-3.8625488,-0.06175232,0.09400939999999999,-0.29008484
11.963577,2.8944702,-2.021408,-0.009552001999999999,0.24313354,-0.37850952
13.608382999999998,2.367752,-0.108444214,0.087387085,0.08441162,-0.47331238
14.024979,-0.5819092,-0.077316284,0.15875244,-0.05619812,-0.5201874
13.383331,-3.1173706,-0.4125061,0.23013306,-0.23410034,-0.46585083
12.590850999999999,-2.233902,2.7717742999999997,0.14384460000000002,-0.3438263,-0.22511292
12.250869999999999,-1.8987121999999999,4.5386963,-0.0042266846,-0.21173096,0.013519287
10.419312,-1.1565094,2.5371552000000004,0.014938354499999999,0.024765015,0.14027405
9.631622,1.4268341,2.4126434,0.16514587,0.09933472,0.22016907
10.254105000000001,2.6813965,1.3831482,0.34944153,0.07269287,0.29473877
12.3203125,1.2712097,0.37039185,0.515625,0.10359192,0.3480072
13.067291,-0.6609191999999999,0.30336,0.6455841,0.14300537,0.34268188
11.216583,-1.8987121999999999,0.26264954,0.7648925999999999,0.23355103,0.31071472
8.858292,-1.9825133999999998,0.4158782999999999,0.90231323,0.34007263,0.29048157
7.30925,-1.6473236,0.71276855,1.0109711,0.36564636,0.23614502
6.641266000000001,-1.6353455,0.545166,0.9843291999999999,0.294281,0.11897278
6.7705535999999995,-1.4342346000000001,0.3177185,0.86076355,0.21971129999999997,-0.006729125999999999
7.1943207,-1.2857971000000001,0.5619354,0.73931885,0.19520569,-0.096206665
7.9365234,-1.269043,1.0000763000000001,0.5944519,0.19413757,-0.096206665
8.693085,-1.3624114999999999,0.90908813,0.43785095,0.33688354,-0.05039978
9.131226,-1.1134186000000001,-0.25448608,0.27166748,0.40505979999999997,-0.010986328
9.684296,-0.64894104,-2.0190125,0.061813354,0.18455505,0.06677246
10.380997,0.11959839,-3.1466827,-0.14164734,-0.08709717,0.19033813
10.541412,1.2688141000000002,-4.176193,-0.41116333,-0.104141235,0.26171875
9.875824,1.2736053,-4.640671,-0.66256714,-0.038085938,0.2926178
8.709854,0.94081116,-3.6734161,-0.6689606,-0.060455322,0.37356567
8.796036,0.79237366,-2.3542023,-0.7073059,-0.14141846,0.5301666
10.558166499999999,0.6175841999999999,-1.2744141000000002,-0.84472656,-0.43649292,0.69314575
11.975539999999999,1.3095093,-0.07971191400000001,-0.6934509,-0.31506348,0.83270264
13.306717,3.411621,1.9888762999999998,-0.5102234,0.1174469,0.7272339
12.023422,1.8529968,3.3009032999999994,-0.42395020000000005,0.27296448,0.35333252
9.497542999999999,-2.0016632,4.356735,-0.4559021,0.2836151,0.027359009
10.215805,-2.2698212000000004,2.750229,-0.48252870000000003,0.21650696,-0.16545105
12.777603,-2.1932068,1.1796417,-0.4793396,0.24420166,-0.26452637
14.410445999999999,-2.142929,0.6313629,-0.4559021,0.2782898,-0.29008484
14.142288,-1.0391998,0.32969666,-0.43992615,0.22076416,-0.30606079999999997
12.176651,-0.01927185,0.21716309,-0.3855896,0.11531067,-0.32737732
10.297211,-0.07194519,0.3464508,-0.26628113,-0.02104187,-0.30500793
8.688309,-0.10305786,0.5499573,-0.08200073,-0.13502502,-0.18035889
6.8184357,-0.28022766,0.30096436,0.106552124,-0.19255066,-0.056793212999999995
5.7745667,-0.56274414,0.6385498000000001,0.14596558,-0.13822937,-0.08555603
5.3507843,-1.0751038,1.4214478000000002,0.120407104,0.18988037,-0.035491943
5.583023000000001,-1.3073424999999999,1.7398833999999999,0.15342712,0.33369446,0.056121826
7.024338,-1.2714386,1.2370911,0.07778931,0.13554382,0.03694153
9.205444,-1.6664734,-0.23294067,-0.07133484,-0.08496094,-0.01524353
10.438461,1.1898041000000001,-1.870575,-0.11608887,-0.11691284,-0.16226196
9.954834,1.948761,-2.0022583,0.014938354499999999,-0.00932312,-0.36146545
9.145599,1.7763824000000001,-1.6742554,0.2216034,0.21118164,-0.5319060999999999
9.28685,2.2480469,-1.9878997999999999,0.36009216,0.20692444,-0.5851593
11.0849,1.706955,-2.0333862000000003,0.33239746,0.07376099,-0.67144775
13.131943,0.16748047,-1.3127289,0.41122437,-0.115859985,-0.76094055
14.556488,-1.2905883999999999,-0.10125732400000001,0.45063782,-0.37791443,-0.65760803
13.814285,-2.4876862,1.7614288,0.38459778,-0.41732788,-0.5521393
12.593246,-3.6440887,2.9968414,0.19816589999999998,-0.29269409999999996,-0.37637329999999997
11.537399,-1.5323944,4.8978269999999995,0.122543335,-0.25646973,-0.15480042
8.321991,1.0030518,3.6743927000000003,0.23757935,-0.32357788,0.008178711
8.901382,0.924057,2.5922089,0.34518433,-0.33422852,0.14666748
10.90773,1.2783966,1.0431671,0.33558655,-0.30014038,0.23934937
11.853439,0.6798401,0.93063354,0.28659058,-0.23196411,0.28834534
11.415298,-0.03363037,1.560318,0.26315308,-0.23622131,0.26065063
10.474380499999999,-0.61302185,0.67445374,0.21520996,-0.20533752,0.20526123
9.708236999999999,-0.6465454,-0.007888794000000001,0.13319397,-0.055130005,0.18608093
8.582962,-0.2706604,-0.29759216,0.06288147,0.16004944,0.15838623
7.3164215,-0.11982727,-0.3215332,0.046905518,0.37843323,0.09339905
7.0626373,-0.0647583,-0.24012756,0.05329895,0.56166077,0.056121826
7.5343018,0.014251709,-0.24491882,0.075668335,0.6372833000000001,0.09020996
8.185516,-0.37361145,-0.5178528,0.17260742,0.5701752,0.16903687
8.966034,-0.7111969,-0.5872803000000001,0.28871155,0.44660950000000005,0.24681091
9.667525999999999,-0.86680603,-0.76924133,0.32919312,0.30918884,0.30326843
10.045822,-1.0918732,-1.1858368000000001,0.20776367,0.12063599,0.39593506
9.875824,-1.0583496000000001,-1.5329895,-0.048965454000000005,-0.09774780000000001,0.53230286
9.363464,-0.9506073,-1.8777618000000003,-0.24816895,-0.28630066,0.63775635
9.059402,-1.2546692,-2.217743,-0.33659363,-0.21812439,0.65586853
9.222214,-1.2618561000000001,-2.3637848,-0.36747742,-0.06365967,0.51737976
10.057785,-0.6609191999999999,-1.7029877,-0.32913208,-0.09667969,0.31604004
11.116028,0.789978,-0.5417938,-0.4005127,-0.42904663,0.45133972
12.526214999999999,2.216919,-0.16590881,-0.5070342999999999,-0.5153350999999999,0.84121704
13.524597,2.2049408,0.9713440000000001,-0.41542053,-0.23303223,0.8635864
11.058563000000001,0.3255005,2.3384247000000005,-0.29078674,-0.18083191,0.45027159999999994
7.974823,-0.85484314,3.6576385,-0.16508484,-0.35554504,0.014572143999999999
9.847092,-0.62020874,3.2338562,-0.018081665,-0.30653379999999997,-0.20274353
13.4982605,0.32070923,1.4549713,0.110824585,-0.13076782,-0.275177
14.240463,-0.28022766,1.2706146,0.15768433,0.07482910000000001,-0.31245422
13.37854,-0.6537323,1.5627136000000001,0.07246399,0.22929382,-0.32524109999999995
12.4831085,0.23213196,1.2873688,-0.06600952,0.25166320000000003,-0.34121704
11.154327,0.41886902,0.8564148000000001,-0.15762329,0.247406,-0.42750550000000004
10.045822,0.16029358,0.5954437,-0.28652954,0.25379944,-0.39767456
8.417755,0.06932068,0.42066956,-0.44950867,0.17495728,-0.23150635
6.9022217,-0.11982727,-0.14196777,-0.51556396,0.18667603,-0.046142578
6.6077423,-0.5675354,-0.10125732400000001,-0.45057678,0.29853820000000003,0.04547119
6.464096,0.29916382,-0.6662903,-0.38452148,0.3720398,0.003921509
6.6843566999999995,0.37817383,-0.7548828000000001,-0.44311523,0.32302856,-0.04295349
8.211853,0.82588196,-0.34786987,-0.5517731,0.1259613,-0.05253601
9.150391,0.45239258,-0.59207153,-0.6071625,-0.018920898000000002,-0.06851196
9.550217,-0.41670227,-1.2576599,-0.6071625,-0.029571532999999997,-0.15905762
9.045044,-0.2993927,-2.4451904,-0.56988525,-0.0146484375,-0.33589172
8.61647,0.13635254,-2.9551543999999996,-0.41862488,0.0013275146,-0.48184204
9.246155,0.60562134,-2.2751923,-0.23858643,-0.048736572,-0.5276489000000001
11.147140499999999,1.3047333,-1.7508698,-0.08305359,-0.0039978027,-0.6000824
13.076874,1.4795074,-1.5593261999999999,0.09164429,-0.031692505,-0.69488525
13.361785999999999,1.0700988999999999,-0.5968628,0.24290466,-0.36192322,-0.6927643
13.227707,-0.70880127,1.3975066999999999,0.25889587,-0.45993042,-0.57025146
12.681824,-2.7869568,2.6257324,0.16621399,-0.3949585,-0.2986145
11.951599,-2.6073914,5.189926,0.02986145,-0.17871094,-0.08129883
9.976379,-2.3224945,4.4094086,-0.034057617000000005,0.06843567,0.08807373
10.361847000000001,-0.9937134,2.786148,0.014938354499999999,0.12809753,0.22230529999999998
11.951599,0.2895813,1.0647125,0.14064026,0.14300537,0.30433655
13.170242000000002,0.52182007,0.102249146,0.25250244,0.14833069,0.36398315
12.112015,0.57928467,0.3751831,0.3004303,0.21438599,0.39700317
10.3403015,-0.49331665,0.6026305999999999,0.3238678,0.21757507,0.37463379999999996
9.080948,-1.4916992,1.0647125,0.33665466,0.18348694,0.28941345
7.898208599999999,-1.4078979999999999,0.8588104,0.35688782,0.2836151,0.16691589999999998
6.780121,-1.0415955,0.37039185,0.33772278,0.3571167,0.04866028
6.1767883,-0.92666626,0.18365479,0.2695465,0.2782898,0.013519287
6.595764,-0.81892395,-0.15393066,0.25994873,0.29960632,0.04333496
7.5079649999999996,-0.5555725,-0.22337341,0.30575562,0.34007263,0.053985596
8.226227,-0.34487915,-0.24731445,0.36328125,0.31025696,0.053985596
8.752945,-0.31375122,-0.45082092,0.37181090000000006,0.14939879999999997,0.06890869
9.70105,-0.6106262,-1.0182343,0.30470276,-0.20426941,0.13282776
10.397766,-0.69203186,-1.6910095,0.11187744,-0.42904663,0.22869873
10.230164,-0.5100707999999999,-2.0118408,-0.22579956,-0.34275818,0.32775879999999996
9.270096,-0.73753357,-2.1483002,-0.46229553,-0.11691284,0.36079407
8.499161,-1.0272217,-1.9304351999999998,-0.5997161999999999,-0.030639648,0.39060974
9.5933075,-0.42868042,-1.9280396,-0.8127594,-0.20959473,0.48754883
11.669083,0.55055237,-1.65271,-0.9714966,-0.594162,0.5780945
13.455154,1.3813476999999998,-0.47955322,-0.8692169,-0.674057,0.54081726
14.874923999999998,2.2600097999999997,1.3999023000000002,-0.77227783,-0.43862915,0.29048157
12.535782000000001,0.87376404,2.6688232000000003,-0.71369934,-0.38856506,0.004989624000000001
9.133621,-1.5826721000000001,4.143661499999999,-0.6306,-0.38642883,-0.16651917
9.878219999999999,-0.8596344000000001,2.4294127999999997,-0.5357970999999999,-0.324646,-0.25387573
12.916458,-0.96258545,0.91867065,-0.47401428,-0.18615723,-0.28263855
14.355376999999999,-1.4366302,0.8229065000000001,-0.45376587,-0.09667969,-0.29647827
12.8302765,-0.8404845999999999,1.1844177,-0.46975708,-0.035964966,-0.2943573
10.601272999999999,-0.07194519,1.2945556999999999,-0.45376587,0.09080505,-0.28050232
9.581344999999999,-0.04560852,0.9210663,-0.37600708,0.11956787,-0.24641418
8.398605,-0.41191099999999997,0.5092621,-0.32273865,-0.008255005,-0.1579895
6.926162700000001,-0.57951355,0.40870667,-0.19064331,-0.0008087158,-0.020584106
6.330017,-0.91947937,0.36799622,-0.05003357,0.21224976,0.09553528
5.963699299999999,-1.0679321000000002,0.93063354,-0.002105713,0.53182983,0.06465149
6.5023956,-0.3903656,0.83966064,0.034118652,0.6766968000000001,-0.006729125999999999
8.310013,0.5337982,0.102249146,0.01600647,0.69480896,-0.08555603
9.959625,-0.17727661,-0.21139526,-0.015945435,0.6277008000000001,-0.13136292
10.843079,-1.1301727,-1.408493,-0.08305359,0.39866638,-0.2048645
10.452835,-1.4078979999999999,-1.65271,0.025604248,0.06629944,-0.36679077
10.27327,0.09805298,-2.210556,0.27273559999999997,-0.08496094,-0.530838
10.421707000000001,2.8681487999999997,-2.1578827,0.43572998,0.16004944,-0.5319060999999999
9.815978999999999,2.6191406,-2.0381775,0.53692627,0.38375854,-0.46479797
10.313965,2.327057,-1.3318787,0.65197754,0.19306946,-0.51911926
12.229324,0.38774109999999995,-0.75009155,0.6487732,-0.17443848,-0.51272583
14.309891,-2.0256042,-0.6686859,0.5891266,-0.16699219,-0.53616333
14.252426000000002,-3.1580658,-0.015075683999999999,0.5283966,-0.08602905,-0.5723876999999999
12.669861000000001,-2.7558439999999997,3.4086304,0.43891907,0.0002593994,-0.43922424
9.102492999999999,-1.2762146,3.6360931000000005,0.42507935,-0.14035034,-0.17503357
8.805617999999999,0.17945862,2.4174347000000003,0.45703125,-0.32783508,0.13920593
11.24292,-0.22038269,1.8093109,0.46235657,-0.37896729999999995,0.33947754
12.698592999999999,-0.15573120000000001,0.9354248,0.38992309999999997,-0.33422852,0.37677002
11.635558999999999,0.04058838,1.8380432,0.31747437,-0.20213318,0.3565216
9.152771000000001,0.7205353,2.142105,0.2652893,-0.11053467,0.34480286
8.223831,0.11959839,1.3304749,0.24929810000000002,0.0055847169999999995,0.31285095
8.283676,-0.2778473,0.2554779,0.30470276,0.15153503,0.23188782
7.6827393,0.28240967,0.037597656,0.38778687,0.2601776,0.16159058
6.6388702,0.5314026,0.3751831,0.45916748,0.30386353,0.16691589999999998
6.2797394,-0.20840454,0.53559875,0.46981812,0.3027954,0.21910095
7.167984,-1.3145294,0.76304626,0.42080688,0.26338196,0.26065063
8.638031,-1.8675842,0.76304626,0.36648559999999997,0.28575134,0.27023315
9.66275,-1.2522736,0.16688538,0.30363464,0.2708435,0.24041748
10.005111999999999,-0.16770935,-0.9392395,0.24824524,0.15153503,0.24148560000000002
10.316360000000001,0.44041443,-2.0405578999999996,0.12466431,0.041809082000000004,0.30966187
10.931671000000001,0.29437256,-2.672638,-0.17147827,-0.14887999999999998,0.42469788
10.819138,-0.40711975,-2.8928986,-0.59439087,-0.24261475,0.519516
9.820755,-0.9817351999999999,-2.7731934,-0.8330078000000002,0.15153503,0.5014038
9.337128,-1.0439911,-2.8138885,-0.77334595,0.18455505,0.5418854000000001
9.693863,-0.36642456,-3.120346,-0.88520813,-0.34169006,0.7144623000000001
10.649155,1.0772858,-2.7636107999999995,-0.92248535,-0.69215393,0.7836914
12.669861000000001,2.8250427000000005,0.18843079,-0.73713684,-0.42051697,0.7336273
12.669861000000001,4.3214264,4.354355,-0.5262146,-0.11158752400000001,0.45985413
9.679504,1.6973724,5.4844055,-0.43460083,0.116378784,0.12750244
9.351500999999999,-1.8388519,4.268158000000001,-0.42181396,0.17816162,-0.12071228
11.642746,-2.8827362,2.6209412,-0.38665770000000005,0.24847412,-0.28263855
14.807877,-3.083847,2.0870361,-0.3578949,0.39120483,-0.357193
15.827805,-1.7502746999999999,1.4453888000000001,-0.36854553,0.51371765,-0.34442140000000004
13.878936999999999,-0.9027252,1.1485138000000001,-0.34510803,0.4551239,-0.28689575
11.8103485,-0.32572937,0.5332031,-0.26416016,0.3027954,-0.26345825
10.469589,0.17227173,0.10942078,-0.21621704,0.31877136,-0.26664734
8.520706,-0.03842163,0.119003296,-0.109695435,0.24952698,-0.13989258
6.162414599999999,-0.62739563,0.39193726,-0.052169799999999995,0.23248291,-0.03868103
5.5159910000000005,-1.427063,0.6720581,-0.08732605,0.37522888,-0.033355712999999995
6.3994446,-1.3097382,0.21476746,-0.086257935,0.38587952,0.030563353999999997
6.5526733,-1.1565094,0.31054688,-0.17787170000000002,0.16323853,0.01777649
7.270935000000001,-1.1541138000000002,-0.16111755,-0.4559021,-0.1797638,-0.014190673999999999
8.345932000000001,0.552948,-1.2648468000000002,-0.7328644,-0.48976135,-0.1026001
7.721039,1.651886,-1.2097778000000001,-0.7669524999999999,-0.5387573,-0.35507202
8.281296000000001,1.4795074,-0.22575378,-0.48892212,-0.43862915,-0.59155273
8.96843,1.7955322,-0.64953613,-0.08093262,-0.11265564,-0.6181946
9.40657,1.8697662,-2.2297057999999996,0.09057617,0.1451416,-0.54042053
11.611618,1.2927551000000002,-3.4986267,0.14596558,0.42742920000000006,-0.73750305
13.108001999999999,0.49787903,-3.3477936,0.5241394,0.08229065,-1.0794525
14.099197,-0.28741455,-0.39575195,1.0258789000000001,-0.6026764,-0.92178345
15.849364999999999,-2.5499419999999997,2.5515137,1.1249542,-0.71772766,-0.5436249
14.633102,-5.736618,3.655243,0.8692931999999999,-0.63464355,-0.21125793
12.818298,-4.845978,8.4843445,0.6679535,-0.34701538,0.019897461
7.8503264999999995,-1.6497191999999998,6.2218323,0.7190857,-0.038085938,0.15945435
6.4976044,0.79237366,2.9345856,0.75956726,0.032211303999999996,0.22869873
9.310791,1.1107941000000001,1.2323151,0.7414550999999999,-0.008255005,0.31178284
12.327484,0.81152344,0.7869873000000001,0.6977844,0.0013275146,0.37783813
13.210953,0.69898987,1.505249,0.6711425999999999,-0.023178099999999997,0.36824036
11.602051,-0.14137268,1.0934448,0.658371,-0.012527466000000001,0.31498718
9.150391,-0.52204895,0.41827393,0.6540984999999999,0.14833069,0.23721313
7.3643035999999995,-0.27305603,-0.103652954,0.6828613,0.34114075,0.14027405
6.4617004,-0.35446167,-0.44842529999999997,0.71694946,0.3954773,0.08488464
6.918991,-0.40711975,-0.3215332,0.7137604000000001,0.3059845,0.059310913
8.245377000000001,-0.42388916,-0.23773193,0.71269226,0.21650696,0.04121399
9.265305,-0.45501709999999995,-0.13717651,0.76275635,0.26551820000000004,0.03907776
9.061798,-0.39755250000000003,-0.2137909,0.8245392,0.34114075,0.038009644
8.513519,-0.55796814,-0.5130615,0.8458556999999999,0.35179138,0.040145874
8.6284485,-0.70640564,-0.84825134,0.7425232,0.28256226,0.08595276
9.401779,-0.5843048000000001,-1.3965302,0.43785095,0.23248291,0.23509216
9.871033,-0.8021698,-2.0333862000000003,-0.08200073,0.21543884,0.38955688
9.792023,-1.2283325,-2.2727966,-0.42395020000000005,0.2601776,0.45666504
9.868637,-1.2570648000000002,-2.3589935,-0.42395020000000005,-0.0008087158,0.41192627
10.603667999999999,0.41647340000000005,-2.672638,-0.48252870000000003,-0.24900818,0.32138062
12.033005000000001,1.8529968,-2.4858856,-0.5315399000000001,-0.39175415,0.40020752
13.605988,3.4020538,-1.0254211,-0.3547058,-0.28416443,0.5205841
13.732879999999998,4.721252400000001,0.8779601999999999,-0.23326111,-0.09986877400000001,0.519516
11.34108,1.0437622,2.204361,-0.10649109,-0.10519409,0.26704407
9.897369,-2.288971,4.7733307,-0.010620117,-0.09561157,-0.005661010699999999
10.316360000000001,-1.403122,4.4525146,0.012817383,0.015167236,-0.12817383
10.931671000000001,-1.6305695,2.7430573,0.008560181,0.12170410000000002,-0.1771698
12.083282,-2.1333466,2.1516876,0.005355835,0.17816162,-0.22616577
12.3993225,-1.0918732,1.7686157,-0.048965454000000005,0.19627379999999997,-0.24534607
11.762450999999999,-0.01687622,1.3568115,-0.11820984,0.1174469,-0.25813293
10.515075999999999,0.19621277,0.758255,-0.17893982,0.06097412,-0.26985168
9.389801,-0.03842163,0.53559875,-0.20556639999999998,-0.001876831,-0.228302
7.9532776,0.09326172,0.035202026000000004,-0.16722107,-0.060455322,-0.14414978
6.4593050000000005,-0.06236267,-0.12519836,-0.09158325,0.050323485999999994,-0.045074462999999995
6.375503500000001,0.06932068,-0.127594,-0.0287323,0.17495728,0.0028533936
6.531128,0.7157593000000001,0.039993286,0.024536132999999998,0.21224976,-0.01524353
7.2852936,0.5098572,0.21237183,0.01600647,0.14193726,-0.057861328
8.266922000000001,0.31112670000000003,-0.029434204,-0.14697266,-0.010391235,-0.06425476
9.308394999999999,-0.028839111,-0.25927734,-0.33978270000000005,-0.09881592,-0.06744385
9.997925,0.13156128,-0.30955505,-0.29718018,-0.019973755,-0.14627075
9.835129,0.35902405,-0.36941528,-0.0798645,0.10784912,-0.27624512
9.423325,0.3973236,-1.6359406,0.05329895,0.062042235999999994,-0.33056640000000004
9.796814,0.8282776,-3.2640076000000002,0.014938354499999999,0.020507812,-0.28796387
11.26207,1.7500457999999999,-2.64151,-0.01701355,0.28149414,-0.41578674
12.365799,1.6351318000000001,-1.2720337,0.108688354,0.17495728,-0.7577362
11.89653,0.1986084,-0.005493164,0.23013306,-0.10839844,-0.8685303
12.15271,-1.6018371999999999,1.165268,0.23971558,-0.25860596,-0.70448303
13.227707,-2.6840057,3.035141,0.12680054,-0.3054657,-0.41046143
14.027373999999998,-2.0974274,6.358291599999999,0.11508179,-0.26712036,-0.17610168
11.535003999999999,-1.3624114999999999,4.368713400000001,0.20243835,-0.22557068,-0.056793212999999995
9.32756,0.5625305,2.3839264,0.20776367,-0.24581909,0.07635498
10.170319000000001,1.8194884999999998,1.8308563000000002,0.12786865,-0.21812439,0.21058655
10.962799,1.5920258,1.8452301,0.06607056,-0.10093689,0.30645752
11.223755,0.16748047,1.7901611000000002,-0.024475097999999997,0.042877197,0.30966187
10.392975,-0.77104187,1.0431671,-0.10649109,0.17070007,0.30433655
9.095322,-0.68963623,0.25787354,-0.13206482,0.28575134,0.29154968
7.840759299999999,-0.67767334,0.09027099599999999,-0.072402954,0.46365356,0.2734375
7.239807000000001,-0.43585205,-0.077316284,0.04902649,0.503067,0.24148560000000002
7.2948759999999995,0.42126465,-0.3047638,0.15449524,0.4242401,0.21484375
7.8694916,0.28240967,-0.06535339,0.24290466,0.37522888,0.18714905
8.733794999999999,-0.09588623,0.3249054,0.40696716,0.31237793,0.14347839999999998
9.171936,-0.6680908,0.45898438,0.6540984999999999,0.20692444,0.09020996
9.224609,-1.2714386,-0.017471313,0.7744751,0.11210632,0.06997681
9.315582000000001,-1.5515594,-0.6088256999999999,0.6732788000000001,0.03541565,0.15306091
9.483185,-1.4510040000000002,-0.5130615,0.37606812,-0.066848755,0.36291504
9.1623535,-1.3193207,-0.082107544,-0.04257202,-0.08602905,0.6228484999999999
8.891815,-1.7167511000000002,-0.110839844,-0.36642456,0.12063599,0.7890166999999999
8.817596,-1.8149109,-1.2576599,-0.48466492,0.16751099,0.71765137
9.46402,-0.23234558,-1.8514252,-0.6061095999999999,-0.14248657,0.5429535
10.881393,2.2073364,-1.2073822,-0.46548462,-0.49827576,0.5333557
13.8909,4.6566160000000005,0.50686646,-0.15336609,-0.34169006,0.56211853
15.212508999999999,5.6382294,2.0846405,0.10443115,-0.28309629999999997,0.42044067
11.71936,0.16268921,3.6025696000000003,0.34197998,-0.29055786,0.16159058
9.911743,-2.5140228,5.9201508,0.4453125,-0.18615723,-0.032287598
10.608459,-2.4302216,4.4788513,0.45063782,-0.07643127400000001,-0.15161133
12.181442,-2.9665222,3.3104706,0.43891907,0.08015442,-0.24960327
13.222916,-1.9968720000000002,2.7358703999999996,0.38671875,0.24633789,-0.25813293
12.681824,-0.29460144,2.1229553,0.26208496,0.26551820000000004,-0.21551514
11.451217999999999,0.45718384,1.4645386,0.06713867,0.19520569,-0.14733887
10.404938000000001,0.5122528000000001,1.2203369,-0.051101685,0.06629944,-0.08555603
8.740982,0.47154236,0.9545745999999999,-0.08518982,-0.0061340330000000005,-0.05253601
6.7561800000000005,0.16268921,0.66967773,-0.062820435,-0.023178099999999997,0.018844603999999997
5.8966675,0.81152344,0.14294434,0.031982422,-0.047683715999999994,0.10725403
5.879898000000001,1.1323395,0.49011229999999995,0.12359619,0.01411438,0.1711731
6.883072,0.79714966,0.8372649999999999,0.1161499,0.15791321,0.21272278
7.6085205,0.6104126,0.55714417,0.046905518,0.2559204,0.27023315
8.015533,-0.253891,0.35842896,-0.12460327,0.16644287,0.3011322
8.626053,-0.5388031,-0.24971008,-0.24711609,0.038604736,0.19354248
9.626831,-0.12460327,-1.087677,-0.12246704,-0.08921814,0.011383057
10.357056,1.0844573999999998,-0.9727478,0.12359619,-0.15420532,-0.20593262
9.952438,1.6638641,-1.3318787,0.39204407,0.08761597,-0.40194702
9.892593,1.8338470000000002,-1.9280396,0.6274719,0.41145325,-0.6043396
10.890961,1.9798889,-1.2672424,0.71162415,0.32836914,-0.7289734
11.683456,0.6032257,-0.6974182,0.7201538000000001,-0.09561157,-0.579834
13.20137,-1.1086273000000002,1.3448334,0.79045105,-0.19575499999999998,-0.51379395
16.84056,-2.9114685000000002,4.833191,0.8000488,-0.08389282,-0.51272583
16.751967999999998,-4.297699,4.332794,0.7425232,-0.13822937,-0.48928833
8.906174,-1.802948,3.2697754,0.75956726,-0.18508911,-0.37637329999999997
6.887863,-0.34727478,4.165207,0.89805603,-0.22451782,-0.18035889
9.174332000000001,1.0461578,3.6289062000000007,1.0546417,-0.31932068,0.051864624000000005
11.130386,0.7516632,2.8843078999999996,1.2208252,-0.35447693,0.23402405
11.8151245,-0.35923767,2.5898132,1.3220215,-0.28523254,0.29794312
10.754501,-0.6944275,2.446167,1.4061736999999999,-0.21173096,0.30006409999999994
9.272491,-1.0990448,1.936203,1.4626465,-0.08709717,0.30006409999999994
8.53508,-1.2953796,1.541153,1.5158996999999999,0.03755188,0.34161377
8.436905,-1.2067871000000001,0.68403625,1.5617065,0.15258789,0.3714447
8.092148,-0.6345824999999999,0.3129425,1.5638428,0.20159912,0.35758972
8.070602000000001,-0.45501709999999995,0.21237183,1.4679718000000002,0.21543884,0.31604004
8.192703,-0.48612976,0.26983643,1.3273468000000002,0.18881226,0.2542572
8.592528999999999,-0.6465454,0.12619019,1.2208252,0.17602539,0.17010498
8.922928,-0.65133667,-0.25209045,1.1888733,0.19946289,0.077423096
9.006729,-0.20123291,-0.9248656999999999,1.1441193,0.27722168,0.035888672
9.001938,0.21296692,-1.5784912,0.9193573,0.247406,0.06997681
9.396988,0.55055237,-2.0405578999999996,0.5688781999999999,0.14726257,0.18608093
9.610077,0.710968,-1.9663391,0.16195679,0.09080505,0.37463379999999996
9.669922,0.18185425,-1.4204712,-0.14804077,0.027954102,0.47903442
9.837524,-0.8739929,-1.329483,-0.15122986,-0.057266235,0.39593506
10.07933,-0.5172577,-1.4683533000000002,-0.04257202,-0.27565002,0.33203125
10.613235000000001,1.6830139,-1.1571045,0.099105835,-0.48443604,0.47903442
11.889342999999998,3.3038788,-0.7931824000000001,0.49111938,-0.37471008,0.6398925999999999
13.404876999999999,4.3764954000000005,0.7151642,0.78512573,-0.07431030000000001,0.64201355
12.662674,2.6287230999999998,2.9273987,0.960907,-0.008255005,0.35333252
11.436844,-0.82850647,5.268936,1.0642242,-0.005065918,0.06037903
11.700211,-2.1477049999999998,4.88826,1.0855408000000002,0.062042235999999994,-0.06851196
12.011459,-3.7111205999999997,3.3918762000000005,1.0791473,0.19520569,-0.12710571
13.203766,-4.57782,2.1828003,1.040802,0.32409668,-0.13243103
13.076874,-1.8412476000000002,1.9505615,0.9204254000000001,0.33155823,-0.09301758
11.602051,0.5601349,1.6129913,0.691391,0.23355103,-0.055725098
10.19426,0.9767151,1.2490691999999999,0.41336059999999997,0.23887634,-0.025909424
8.661972,0.8187103,1.1485138000000001,0.14170837,0.13768005,0.008178711
6.7082977,0.7947693,1.0024719000000002,0.037322997999999996,-0.08709717,0.03694153
5.456131,0.8809509,0.94021606,0.057556152,-0.16699219,0.079559326
5.5973816,1.3143004999999999,1.1078033,0.12680054,-0.17337036,0.04333496
5.784134,2.1355133,0.7175598000000001,0.25250244,0.021560668999999998,-0.047210693
6.6125336,2.4276123,0.758255,0.44212340000000006,0.19520569,-0.10580444
8.221436,1.4172516000000002,0.7175598000000001,0.53053284,0.07908630000000001,-0.098342896
10.00032,0.023834229,0.10942078,0.41122437,-0.0466156,-0.04827881
11.637955,-0.7830199999999999,-0.79078674,0.33239746,0.022628784,-0.0024719238
11.764847,-0.54599,-0.795578,0.42080688,0.08973694,0.019897461
10.495925999999999,-0.026443481,-1.0038757,0.5454406999999999,0.032211303999999996,-0.02696228
9.260513000000001,0.13874817,-2.32547,0.5752716,0.019439697,-0.051467896
9.844696,0.9432068000000001,-2.2632293999999997,0.55397034,0.029022217000000003,-0.10685730000000002
11.111237,2.1762238,-0.8099518,0.7276001,0.01411438,-0.32844543
11.851044,0.41407776,0.2889862,1.0621033000000002,-0.18615723,-0.63842773
11.690628,-2.8108978,0.93782043,1.136673,-0.16699219,-0.68530273
12.023422,-3.897873,2.0487366000000002,1.0802155,-0.022109985,-0.47756958
10.878998,-1.7622375,4.404632599999999,1.0887299,-0.09667969,-0.17077637
11.163910000000001,0.5888671999999999,7.059799000000001,1.1771545,-0.22238159,0.07635498
11.788788,0.41407776,3.6839752,1.2644958,-0.2554016,0.2531891
12.3203125,-0.46458435,2.6496735,1.2921906,-0.26286316,0.3714447
11.865402,0.34944153,3.3894806000000006,1.2719573999999998,-0.3203888,0.40446472
10.797592,0.70617676,3.1668243,1.2698212,-0.36512756,0.36291504
10.019485000000001,0.09086609,2.1828003,1.2144318,-0.15739441,0.36824036
9.677109,-0.009689330999999999,1.3017426,1.1270752,-0.024246216,0.3799591
9.133621,0.3542328,0.521225,1.0588989,0.069503784,0.33096313
8.666748,-0.30656433,0.45419312,1.0663605,0.10572815,0.20526123
7.984405499999999,-0.59866333,-0.13238525,1.0876617,0.12063599,0.06997681
7.622878999999999,-0.14376831,-0.41011047,1.0610351999999998,0.1174469,-0.005661010699999999
7.9796143,-0.1844635,-0.22814941,1.0194855,0.06417847,-0.047210693
8.202286,-0.18925476,0.08308411,0.9523773000000001,0.07801819,-0.04827881
8.480011,-0.5747223000000001,-0.13238525,0.79151917,0.032211303999999996,0.003921509
8.760132,-0.6369629,-0.8434601,0.597641,-0.038085938,0.08381653
8.7314,0.03819275,-1.360611,0.35369873,0.0013275146,0.18928528
8.487183,0.41647340000000005,-1.2839966,0.108688354,-0.07110596,0.26385498
8.597321,-0.20600891,-0.85783386,0.00642395,-0.13609314,0.25
9.748932,-0.7662505999999999,-0.7476959,0.044769287000000005,-0.20426941,0.14987183
11.345871,-0.13897705,-0.8889618,0.19497679999999998,-0.31611633,0.009246826
12.061736999999999,1.5130157,-1.2217559999999998,0.40483093,-0.34275818,0.02949524
12.191025,2.4276123,-1.8993073,0.4644928,-0.41732788,0.46731567
12.519028,1.6159668,-0.61361694,0.5145569000000001,-0.17231749999999998,0.7655945
12.868576,0.14593506,1.0192261,0.6210785,-0.04447937,0.6271057
11.6595,-1.2786102,3.5618591,0.79151917,-0.113723755,0.26490784
10.160736,-0.5555725,5.1827393,0.90657043,-0.050872803,0.030563353999999997
10.278046,-0.12460327,3.4613037,0.9523773000000001,0.08868408,0.013519287
11.156723,-1.6066284,2.9417725,0.94918823,0.20692444,0.015640259
12.545364,-2.0998229999999998,2.901062,0.88101196,0.25805664,-0.03656006
12.636337,-0.7925873000000001,2.0056305,0.7563629,0.30386353,-0.11112976
11.760071,0.47633362,1.4717255,0.5710144,0.28042603,-0.1771698
10.843079,0.72772217,1.0766907,0.34623718,0.25912476,-0.2048645
9.600494,0.41647340000000005,0.48532104,0.120407104,0.24420166,-0.18463135
8.111298,0.23451233,-0.007888794000000001,-0.10116577,0.23568726,-0.10473633
7.0003967000000005,0.65589905,-0.43405150000000003,-0.26841736,0.22183228,0.008178711
6.5598600000000005,1.3023376,-0.6662903,-0.36642456,0.12170410000000002,0.077423096
6.741821300000001,1.4052886999999998,-0.39814758,-0.39624023,0.08015442,0.091278076
7.5486603,1.7763824000000001,-0.21618652,-0.41223145,0.07801819,0.08062744
8.113693,2.1163635,-0.22814941,-0.4644165,0.009841919000000001,0.067840576
8.489578,1.0030518,-0.5585479999999999,-0.47187805,-0.11053467,0.06465149
8.79364,-0.22277832,-0.84106445,-0.35682678,-0.16485596,-0.044006348
9.16954,-0.37600708,-0.9512023999999999,-0.062820435,-0.03276062,-0.25706482
9.181503,0.22973633,-1.0756989,0.29084778,0.12063599,-0.41366577
10.139191,1.2855682,-0.2712555,0.41015625,0.13981628,-0.42750550000000004
12.167084,0.5960388000000001,-0.5872803000000001,0.42080688,0.116378784,-0.39767456
14.429595999999998,-0.9984894,-0.8386688,0.29937744,-0.1296997,-0.42004395
15.569244,-1.1828461000000001,-0.048583984000000004,0.20776367,-0.16485596,-0.544693
15.044907,-2.5164185000000003,0.42306520000000003,0.29510498,-0.19255066,-0.63949585
12.420867999999999,-2.1884155,1.7733917000000001,0.32174683,-0.32678223,-0.577713
10.905334,0.29676820000000004,4.545883,0.27061462,-0.43437195,-0.37530518
10.184677,-0.07672119,4.3447723,0.25036620000000004,-0.29481506,-0.13456726
9.559799,-0.19404602,4.1292877,0.24290466,-0.12651062,0.04333496
9.571762,-0.012084961000000002,2.8819122000000004,0.29084778,-0.07643127400000001,0.12962341
9.835129,-0.6321869000000001,2.0798492,0.43891907,-0.10733032,0.20526123
10.069763,-0.85484314,1.5698853000000002,0.56355286,-0.12437439,0.23934937
9.894974000000001,-0.5076904000000001,1.1389313,0.65730286,-0.0029296875,0.25213623
9.751327499999999,-0.8907623,0.7175598000000001,0.7957916,0.19413757,0.26811218
8.463242,-1.5036774,1.0096436,0.90231323,0.40505979999999997,0.30966187
7.5941467000000005,-1.7502746999999999,0.98809814,0.98646545,0.44554138,0.38635254
7.551056,-1.5515594,0.5810852,0.99072266,0.35073853,0.38955688
8.259735000000001,-1.3648071000000002,0.6002350000000001,0.92575073,0.200531,0.33522034
8.805617999999999,-1.530014,0.9641571,0.820282,0.15258789,0.27662659999999994
8.499161,-1.5060577,0.9617614999999999,0.6871338,0.21331787,0.17329407
8.118484500000001,-1.5180358999999999,0.2674408,0.50497437,0.20372010000000002,0.061447144
8.166367,-0.4406433,-0.51545715,0.28659058,0.11317444,-0.023773192999999998
8.707458500000001,0.56970215,-1.1164093000000002,0.056488037000000005,0.10784912,-0.039749146
9.289246,0.48831177,-1.5210266000000001,-0.23326111,0.11424255,0.04333496
9.574158,-0.28981018,-1.3151245,-0.5166168,0.05885315,0.13282776
10.155945,-1.0463715,-1.2792052999999999,-0.67214966,0.006652831999999999,0.10939026
11.127991,-0.07911682,-1.1738586000000002,-0.7318115,-0.19894409,0.05079651
11.728943,1.5680847,-0.95599365,-0.84365845,-0.37791443,0.16264343
12.049759,2.7460327,-1.1738586000000002,-0.8649597,-0.49189758,0.44601440000000003
12.779999,2.9974213,-0.024642944,-0.6742859,-0.21492004,0.5983429
12.526214999999999,1.7404785,1.8380432,-0.45164490000000007,-0.090286255,0.43641663
10.618027,-1.1732788,3.8348082999999997,-0.25137329999999997,-0.13822937,0.11151123
9.246155,-2.6457062000000002,4.533905,-0.19277954,-0.14567566,-0.15161133
10.117645,-2.3727722,3.193161,-0.1821289,-0.09454346,-0.3028717
11.750488,-2.8851318,2.7741700000000002,-0.12780762,-0.04447937,-0.37637329999999997
13.555710000000001,-2.2530517999999997,3.035141,-0.109695435,0.027954102,-0.36997986
13.81189,-0.91230774,2.1277466,-0.21728516,0.07057189999999999,-0.36572266
11.970749,-0.9362488000000001,1.1221771,-0.38026428,0.10145569,-0.43070984
10.160736,-1.2834014999999999,0.79177856,-0.4793396,0.12915039,-0.46585083
8.985184,-0.7614746,0.39672852,-0.48573303,0.036483765,-0.36785890000000004
7.7521667,0.0501709,-0.005493164,-0.4601593,-0.012527466000000001,-0.20700073
7.1727753,0.48112488,0.111816406,-0.44099426,0.017303467,-0.084487915
6.7035065000000005,0.3757782,0.77023315,-0.39730835,0.059921265,-0.039749146
6.1384735,0.30395508,1.323288,-0.32487488,0.09080505,-0.003540039
6.435364,0.36619568,1.3879242,-0.32913208,0.09187317,0.03907776
7.3164215,-0.00010681152,0.84924316,-0.3536377,0.09400939999999999,0.06997681
8.578171000000001,-0.6609191999999999,0.5044708,-0.31208800000000003,0.12809753,0.079559326
9.490356,-1.4845123,0.55474854,-0.21514893,0.15686035,0.012451172
9.983566,-1.3336792,-0.039016723999999996,-0.052169799999999995,0.18988037,-0.110061646
10.318756,0.18663025,-0.96795654,0.10122681,0.21438599,-0.16438293
10.756897,1.6231537,-1.3893433000000002,0.02986145,0.29321290000000005,-0.11857605
11.726547,1.5656891000000002,-1.5090485,-0.086257935,0.14193726,-0.0834198
12.736892999999998,-0.36402893,-1.5808716,-0.07772827,0.036483765,-0.30393982
13.141525,-1.0200348,-0.79078674,0.17793274,-0.12011719,-0.8312378
13.325867,-1.7550659,-0.25448608,0.47407532,-0.31932068,-1.0751953
11.807953,-2.1644745,0.6002350000000001,0.5060272,-0.45780945,-0.89089966
9.995529,-0.67767334,2.9896545,0.3387909,-0.418396,-0.44880676
11.159119,-0.5675354,7.2513274999999995,0.22586060000000002,-0.23835754,-0.084487915
10.814346,-1.5731049,5.534683,0.2184143,-0.15100098,0.05505371
9.64119,-1.3121338,2.7765656,0.21627808,-0.08496094,0.102996826
9.964416499999999,-0.036026,2.1157684,0.20988464,-0.028503418,0.15412903
10.9843445,0.6032257,1.8907166000000002,0.23332214,-0.045547485,0.21377563
11.7313385,0.42366028,1.7255096,0.29724120000000004,0.0013275146,0.2734375
11.130386,-0.25868225,1.5866547,0.39311218,0.14407349,0.32670593
9.538239,-0.4262848,1.05513,0.49111938,0.20159912,0.36824036
7.931732000000001,-0.9099120999999999,0.7558594,0.60617065,0.24633789,0.35440063
7.352340700000001,-1.4486084,0.521225,0.691391,0.40505979999999997,0.30752563
7.287689,-1.3480530000000002,0.32969666,0.71162415,0.5009308,0.27662659999999994
7.2852936,-1.1876373,0.32250977,0.67967224,0.45726013,0.25213623
7.816818,-1.3312836000000001,0.59783936,0.6253357,0.36990356,0.20951843
8.896591,-1.4581757,0.5379944000000001,0.5699463,0.22503662,0.13601685
9.4592285,-1.3624114999999999,0.008865356,0.47193909999999994,0.057785034000000006,0.063583374
9.351500999999999,-0.98413086,-0.4819335999999999,0.28445435,-0.0146484375,0.023101807000000002
9.147995,-0.55078125,-0.76924133,0.056488037000000005,-0.03489685,0.087020874
8.956451,-0.39515686,-1.0493622,-0.28120422,-0.026367188,0.20739746
9.078552,-0.6058501999999999,-1.4492035,-0.4559021,-0.09454346,0.25213623
9.981171,-0.9386443999999999,-1.7796020000000001,-0.36428833,-0.3565979,0.2691803
10.780838000000001,0.34465027,-1.7556610000000001,-0.3302002,-0.46313477,0.28941345
11.360229499999999,1.6423035,-1.5353851,-0.57095337,-0.45567322,0.56211853
12.095245,2.094818,-0.20899963,-0.56455994,-0.36087036,0.8486786000000001
12.868576,2.7723694,3.0566864,-0.32061768,-0.08709717,0.7805023
12.169478999999999,0.3829651,3.703125,-0.15229797,-0.050872803,0.39593506
9.8854065,-2.4302216,5.3862457,-0.051101685,0.029022217000000003,0.07209778
9.686691,-2.1932068,4.648834,-0.013824463,0.15153503,-0.07809448
11.688232000000001,-1.6999970000000002,3.3104706,-0.0042266846,0.23887634,-0.18782043
13.601212,-2.384735,3.162033,-0.011688232,0.21224976,-0.22190857
14.106384,-1.2043915,2.3958892999999994,-0.06175232,0.038604736,-0.2240448
12.72493,-0.43345642,1.5220032,-0.12780762,0.038604736,-0.2986145
10.835907,-0.56274414,0.90908813,-0.18319702,0.13661194,-0.31033325
9.353897,-0.625,0.70558167,-0.22474670000000002,0.040740967,-0.31245422
7.917373700000001,-0.1844635,0.43504333,-0.27160645,-0.025299072000000002,-0.2506714
7.4911957,-0.0647583,0.097457886,-0.25137329999999997,-0.04234314,-0.12817383
6.6652070000000005,0.5026702999999999,-0.06535339,-0.19598389,0.0077209473,-0.11431885
6.2581940000000005,0.42126465,0.116607666,-0.16401672,0.013046265,-0.16651917
6.6628112999999995,1.0964355,0.14533997,-0.17999268,-0.06259155,-0.2006073
7.179962,0.5720978,0.26504517,-0.23965454,-0.102005005,-0.18569946
8.286072,-0.74949646,0.07591247599999999,-0.31529236,-0.055130005,-0.16226196
8.884628,-0.921875,-0.48432922,-0.24604797,-0.13290405,-0.23150635
9.380234,-0.68006897,-1.0373993000000001,-0.009552001999999999,-0.19148254,-0.39981079999999997
9.6819,0.04058838,-1.3965302,0.25143433,-0.10626221,-0.5393677
10.136795,1.4459839,-1.8370514,0.29937744,-0.030639648,-0.49035645
11.467972,2.0852356,-0.8602295,0.23545837,-0.18190002,-0.42643738
12.904494999999999,0.37817383,-0.1850586,0.18432617,-0.20533752,-0.53616333
13.905273000000001,-1.8053436,0.7271271,0.17900085,-0.324646,-0.7524109
14.142288,-3.2490387000000003,1.9409942999999998,0.20988464,-0.23516846,-0.79289246
12.511841,-3.2059479,2.3647614,0.15556335,-0.24475098,-0.58836365
10.081726,-0.05278015,4.4596862999999995,0.037322997999999996,-0.07324219,-0.2709198
10.297211,1.2424773999999998,4.964874299999999,0.028793335,-0.060455322,-0.009918213
11.027435,0.5337982,3.121338,0.025604248,-0.14141846,0.17010498
11.819916000000001,-0.16291809,2.3863068,0.0010986328,-0.08496094,0.28195190000000003
12.416077,-0.5100707999999999,1.6584778000000002,-0.014877318999999998,0.030090332,0.30326843
11.161514,-0.26826477,2.1947784,0.036254882999999995,-0.005065918,0.30645752
9.973984,0.11959839,1.802124,0.13531494,0.05885315,0.30326843
9.310791,-0.33529663,1.0862578999999999,0.28977966,0.20904541,0.30220032
8.269318,-0.04321289,0.45419312,0.46342468,0.26870728,0.28195190000000003
6.7561800000000005,-0.34248352,0.54756165,0.6189574999999999,0.26445007,0.26490784
6.650833,-0.92666626,0.7438965,0.70310974,0.26338196,0.24574279999999998
7.017150999999999,-1.3193207,1.0024719000000002,0.70736694,0.29000854,0.21165466
7.373886,-1.7263336,1.0862578999999999,0.6764679,0.3251648,0.16159058
7.773712,-1.8747711,0.67445374,0.5752716,0.34646606,0.09979248
8.568588,-1.7287292,-0.2568817,0.42826843,0.28681946,0.028427123999999998
9.473602,-1.024826,-1.3103333000000001,0.35795593,0.23355103,-0.047210693
9.997925,-0.0048980713,-2.0381775,0.31002808,0.13554382,0.013519287
10.110458,0.0070648193000000005,-1.9232483,0.11401367,-0.019973755,0.21058655
10.244537,-1.079895,-1.4492035,-0.14590454,-0.115859985,0.3799591
11.048981,-1.1301727,-0.9512023999999999,-0.32273865,-0.230896,0.40446472
11.412903,0.61997986,-0.6543274,-0.33659363,-0.2511444,0.29794312
11.472763,1.6878052,-1.2672424,-0.3770752,-0.35554504,0.25852966
11.853439,1.1826172,-1.5114441,-0.35150146,-0.49508667,0.36079407
13.141525,1.3885193,0.43504333,-0.2843933,-0.29907227,0.45027159999999994
13.005051,1.4651337,2.173233,-0.22261047,-0.22238159,0.38635254
10.658737,-0.7159729,4.3495636,-0.13845825,-0.19575499999999998,0.18395996
9.152771000000001,-0.73513794,4.6775665,-0.08518982,-0.14674377,-0.04827881
9.832733000000001,-0.60105896,3.1356964,-0.06388855,-0.12544249999999998,-0.228302
11.465575999999999,-0.9984894,2.3480072,-0.051101685,-0.055130005,-0.29968262
12.796753,-0.7542876999999999,2.0080261000000004,-0.07028198,0.041809082000000004,-0.29328918
12.636337,-0.7255554,1.6297455,-0.19491577,0.05885315,-0.29222107
11.465575999999999,-0.5866852,0.99528503,-0.32487488,-0.049804688,-0.31565857
10.189468,-0.18685913,0.57629395,-0.3578949,-0.1563263,-0.37211609999999995
8.798430999999999,-0.24432373,0.51405334,-0.35256958,-0.18722534,-0.33270264
7.381073,0.13395691,0.15492249,-0.38665770000000005,-0.17443848,-0.18782043
6.344375599999999,0.8354645,0.0064697266000000005,-0.41755676,-0.040222167999999996,-0.022705077999999997
6.124115,0.5744934,0.59306335,-0.40370178,0.053527832000000004,0.09660339
5.784134,0.42126465,0.545166,-0.45376587,0.041809082000000004,0.14666748
5.9565125,-0.05038452,-0.3215332,-0.5613556,-0.038085938,0.14666748
7.579788000000001,-0.026443481,-0.7022095,-0.628479,-0.14674377,0.10725403
9.440078999999999,0.3470459,-0.18266296,-0.5357970999999999,-0.14887999999999998,-0.028030396000000003
10.005111999999999,0.45957947,-0.08689880000000001,-0.23432922,0.0087890625,-0.21978760000000003
9.612457000000001,0.5960388000000001,-0.48912048,0.13426208,0.1451416,-0.31777954
9.890198,1.0988312,-1.5425719999999998,0.2769928,0.18881226,-0.27729797
11.32193,1.2520599,-2.4882812000000003,0.15556335,-0.040222167999999996,-0.22511292
13.167847,0.3757782,-2.2871704,0.13319397,-0.023178099999999997,-0.34761047
13.766403,-0.45739746,-0.85783386,0.20776367,-0.090286255,-0.6032715
14.046524,-1.4940948,0.32969666,0.29937744,-0.015716553,-0.7012786999999999
12.88295,-2.4517822,0.45658875,0.3004303,-0.07217407,-0.56599426
11.475159,-0.8883667,2.8890991,0.17367554,-0.13290405,-0.29222107
11.496704,0.19381714,4.8236084,0.10336304,-0.07324219,-0.028030396000000003
11.166306,-0.3616333,3.4565277,0.08950806,-0.07537842,0.1477356
10.756897,-0.15093994,2.580246,0.07992554,-0.104141235,0.25213623
11.293198,-0.40951538,1.8380432,0.083114624,-0.12223816,0.31391907
11.365021,-0.15812683,1.7255096,0.12892151,-0.15846252,0.33735657
10.706619,0.37098694,1.3975066999999999,0.19923401,-0.07643127400000001,0.32138062
9.653167999999999,0.07650757,0.6888274999999999,0.2769928,0.10359192,0.31285095
8.432129,0.0022888184,0.2554779,0.37393188,0.21757507,0.30433655
7.275726299999999,-0.70640564,0.16209412,0.49751282,0.29000854,0.27876282
7.15123,-1.0822906,0.18843079,0.58273315,0.40505979999999997,0.24786377
7.211075,-0.917099,0.19561768,0.6040344,0.46791077,0.21697998
7.4385223,-1.0296173,0.26264954,0.5742035,0.48176575,0.15519714
8.207061999999999,-1.1421508999999999,0.41827393,0.5486449999999999,0.4551239,0.07635498
9.140808,-1.1469421,0.080703735,0.5614319000000001,0.35606384,-0.005661010699999999
9.669922,-0.70401,-0.716568,0.5944519,0.28042603,-0.06851196
9.844696,-0.19404602,-1.3989258,0.5475769,0.23143005,-0.049331665
9.655563,-0.09828186,-1.4037018,0.31961059999999997,0.13981628,0.112579346
9.485565,-0.62979126,-1.3893433000000002,-0.111816406,0.07801819,0.3245697
9.691467,-1.4749451,-1.657486,-0.49212646,0.10145569,0.47477722
10.088913,-1.8508301,-1.9064941000000002,-0.5283356,-0.023178099999999997,0.46731567
10.455231,-0.5866852,-2.0477448000000003,-0.47827148,-0.27990723,0.31498718
11.228546000000001,1.0269928,-1.9855042,-0.53686523,-0.5281066999999999,0.31071472
12.650711,2.2121277000000004,-0.7668457,-0.53793335,-0.55900574,0.5717163000000001
14.374526999999999,4.0915833,1.6608734,-0.4047699,-0.33636475,0.681427
12.279602,2.027771,3.6648102,-0.2875824,-0.26498413,0.43109129999999996
8.7864685,-1.779007,4.878677400000001,-0.20556639999999998,-0.20852661,0.077423096
8.920547500000001,-1.7430878,4.205902,-0.19384766,-0.07963562,-0.16970825
11.362625,-1.486908,2.9944458,-0.19171143,0.106781006,-0.31033325
12.942795,-2.016037,2.470108,-0.18959045,0.23143005,-0.38276672
13.000259,-1.3576202,2.2450562,-0.2843933,0.36351013,-0.41152954
12.425644,-0.41430664,1.4837036,-0.487854,0.4039917,-0.37850952
11.403319999999999,-0.14855957,0.83247375,-0.6561737,0.21650696,-0.3454895
9.964416499999999,-0.13418579,0.58348083,-0.7200928000000001,0.09719849,-0.35293579999999997
8.262131,0.20339966,0.047180176,-0.6934509,0.14193726,-0.25920105
6.595764,1.1036072000000001,-0.44842529999999997,-0.5570984,0.009841919000000001,-0.13349915
5.633301,0.95996094,-0.33828735,-0.42927550000000003,-0.09561157,-0.077041626
6.698714999999999,0.8354645,0.071121216,-0.36747742,-0.12437439,-0.058929443
7.567810000000001,0.98869324,0.17407227,-0.39518738,-0.11798096,-0.045074462999999995
7.601333599999999,-0.4262848,0.5020752,-0.47294617,-0.037017822,-0.003540039
7.8048399999999996,-1.3025513000000002,0.25308228,-0.5389862,0.023696900000000003,0.026290894
8.132843,-1.530014,-0.4819335999999999,-0.49745178,-0.0146484375,-0.06958008
8.934906,-0.90512085,-1.360611,-0.28971863,-0.010391235,-0.24002075
9.76091,0.39253235,-1.6191864,-0.0031585693,0.13342285,-0.31140137
10.278046,1.6494904,-1.4252625,0.21095276,0.27296448,-0.2474823
11.233336999999999,1.8482056,-1.3486481000000001,0.31961059999999997,0.054595947,-0.21232605
12.763228999999999,0.35902405,-1.1595001,0.37927246,-0.16699219,-0.34014893
13.81189,-1.1732788,-0.15393066,0.36648559999999997,-0.29374695,-0.53829956
14.041732999999999,-2.4254456,1.2993469,0.33984375,-0.18829346,-0.6032715
12.825485,-3.3591766000000005,2.6353150000000003,0.24397278,-0.14674377,-0.5297699
11.056168,-2.1692657000000004,5.055847,0.030929565,-0.048736572,-0.31565857
10.364243,-0.9075165000000001,5.1635895,-0.0990448,0.17602539,-0.021636963
9.555008,-0.01927185,2.6233367999999997,-0.03831482,0.18135071,0.22230529999999998
10.548599000000001,1.1155853,2.2857513,0.028793335,0.10145569,0.34375
12.37059,1.2400818,1.4453888000000001,0.0884552,0.03327942,0.39807129999999996
12.938004,1.031784,1.5651093,0.17260742,-0.030639648,0.39274597
11.286011,0.69659424,1.9266205,0.30789185,0.0023956299,0.37251282
9.815978999999999,0.0501709,1.4525757,0.40164185,0.06736755,0.33842468
8.599716,-0.46218872,1.0479584000000002,0.47087097,0.11210632,0.3011322
7.7018889999999995,-0.9817351999999999,0.90190125,0.5614319000000001,0.19627379999999997,0.23081970000000002
7.2445984,-1.1014403999999998,0.6864319000000001,0.6306609999999999,0.3262329,0.15625
6.907013,-1.4246674,0.41110230000000003,0.6668854000000001,0.37416077,0.122161865
7.136856,-1.3336792,0.29856873,0.6764679,0.3251648,0.112579346
7.721039,-1.1158142,0.24349976,0.67541504,0.29214478,0.102996826
8.424942,-0.85484314,-0.060562134000000004,0.6402588,0.31983948,0.09660339
8.891815,-0.6537323,-0.38137817,0.56781006,0.31132507,0.13282776
8.96843,-0.53163147,-0.6974182,0.4026947,0.23780823,0.26385498
8.975601,-0.49810790000000005,-1.0493622,0.075668335,0.1174469,0.3948822
9.193481,-0.51246643,-1.3582153000000001,-0.26841736,0.09187317,0.40553284
9.531067,-0.6369629,-1.621582,-0.5847931,0.10891724,0.37463379999999996
10.268478,-0.46937559999999995,-1.6335449,-0.6966553000000001,-0.15739441,0.33735657
11.463181,0.7205353,-1.6646729,-0.6508484,-0.28630066,0.077423096
12.602829,2.233673,-1.7939606,-0.72753906,-0.51319885,0.12962341
13.385727,2.9351807,-0.9368439000000001,-0.78826904,-0.47804259999999993,0.50886536
13.967514000000001,3.873703,1.9242401000000002,-0.5634918000000001,-0.10626221,0.5802307
11.489517,0.8594055,2.7167206000000004,-0.33552550000000003,-0.06365967,0.29473877
8.468033,-2.8252716,4.591369599999999,-0.20130920000000002,-0.13290405,-0.05467224
9.037857,-3.119751,4.2657623,-0.06175232,-0.17018127,-0.2549286
12.200592,-2.4445952999999996,3.7725525,0.13426208,-0.16592407,-0.26452637
13.608382999999998,-2.2458801,3.703125,0.23757935,-0.06791687,-0.33163452
12.94519,-2.2027740000000002,3.1021729,0.15768433,0.116378784,-0.41366577
11.535003999999999,-1.5108489999999999,2.288147,0.028793335,0.104660034,-0.32524109999999995
10.35466,-1.2379149999999999,1.6800232,-0.08305359,-0.09774780000000001,-0.2474823
9.734573,-1.3241119,1.0766907,-0.23326111,-0.05619812,-0.19528198
8.659576,-0.24432373,-0.22575378,-0.34831238,0.0023956299,-0.13562012
5.6907654,0.18423462,-0.6160126,-0.41009520000000005,0.0013275146,-0.107925415
5.4297943,0.04777527,0.06872558599999999,-0.45164490000000007,0.11424255,-0.08023071
7.615707400000001,0.20100403,0.039993286,-0.49850464,0.038604736,-0.11645508
8.499161,0.5457611,0.104644775,-0.54219055,-0.21917725,-0.17184448
8.491974,0.9168700999999999,-0.41011047,-0.5762786999999999,-0.35020447,-0.21339417
8.434525,0.8641968000000001,-0.6184082,-0.44204712,-0.33529663,-0.2506714
8.779282,1.0365753,-0.12280273400000001,-0.095840454,-0.24049377,-0.39234924
9.243758999999999,1.0509491000000002,-0.33828735,0.22906494,-0.14141846,-0.4562683
9.8854065,0.9934844999999999,-1.360611,0.25357056,-0.039154053,-0.28050232
10.603667999999999,1.3813476999999998,-1.3917389,0.118270874,-0.07431030000000001,-0.17398071
11.81752,0.3183136,-0.8171234,0.055419922,0.03967285,-0.26239014
12.870972,-0.28262329999999997,0.059143065999999994,0.25994873,0.153656,-0.71939087
11.685837,-0.9314575,-1.0661316,0.644516,-0.115859985,-1.0688018999999997
11.362625,-1.4916992,-0.17308044,0.738266,-0.34062195,-0.8738556000000001
11.072922,-1.7742156999999998,1.8883208999999999,0.5017699999999999,-0.45353699999999997,-0.31884766
12.011459,-2.6864014,5.4053955,0.16940308,-0.32145690000000005,0.20845032
13.495865,-3.6129608,5.2282257,-0.057495117000000005,-0.19468689,0.42469788
11.434448,-1.9873047,1.8907166000000002,-0.20556639999999998,-0.16911316,0.38528442
9.739365,1.220932,1.8188933999999997,-0.2843933,-0.07005310000000001,0.31924438
10.653946000000001,2.877716,1.2825928,-0.26734924,0.0013275146,0.32563782
11.906113000000001,2.0852356,0.84684753,-0.17787170000000002,0.083343506,0.3842163
11.685837,0.0022888184,0.6816406,-0.06814575,0.31344604,0.4023285
10.038635000000001,-0.9889220999999999,0.55474854,0.10549927,0.39440918,0.3565216
7.972442599999999,-0.65852356,0.7726288,0.33558655,0.3304901,0.26811218
7.088974,-1.1780548,0.8779601999999999,0.52201843,0.33262634,0.17863464
7.2685394,-1.5755005,0.8444519,0.6125641,0.28894043,0.12110901
7.191925,-1.427063,1.0527496,0.66474915,0.16644287,0.075302124
7.30925,-1.6760558999999997,1.3448334,0.6977844,0.069503784,0.03907776
7.9796143,-1.6616821,1.3496246,0.6924591,0.06524658,0.01777649
8.343536,-1.2810059,0.5667267,0.60935974,0.11210632,-0.01737976
8.427338,-0.8883667,-0.23054504,0.46128845,0.13874817,-0.025909424
8.743362,-0.5771179,-0.9392395,0.23120117,0.14619446,0.051864624000000005
9.138411999999999,-0.42868042,-1.6479186999999997,-0.07879639,0.14726257,0.12536621
9.653167999999999,-0.6393585,-1.9926758000000002,-0.25776672,0.15579224,0.091278076
10.61084,-0.50289917,-2.1506958,-0.2833252,0.20904541,0.0007324219
11.934845,0.61520386,-2.4906769,-0.22793579,-0.048736572,0.01777649
12.691406,1.7021636999999998,-3.1802063,-0.30143738,-0.25646973,0.2531891
12.732117,2.3174744,-3.1778107,-0.6050415,-0.31079102,0.63882446
12.712952,1.8146973000000002,-0.63516235,-0.6359253,-0.24688720000000003,0.7229767
11.8103485,0.13156128,3.6121519999999996,-0.47401428,-0.08602905,0.42364502
9.665131,-0.54599,5.2090760000000005,-0.35256958,-0.05406189,0.079559326
9.176727,-0.7734375,4.354355,-0.31529236,-0.090286255,-0.12710571
11.329102,-1.427063,3.0183868,-0.29824829999999997,-0.08921814,-0.20700073
13.167847,-1.1493225,2.573059,-0.2566986,-0.066848755,-0.21551514
12.926041,-1.0631409,2.4246216,-0.24391174,0.06843567,-0.18356323
11.812729,-1.0703278,1.541153,-0.3078308,0.14726257,-0.14201355
11.183060000000001,-0.79977417,0.9641571,-0.37919617,0.11317444,-0.18356323
10.596480999999999,-0.79737854,0.87557983,-0.45271300000000003,0.20692444,-0.24002075
9.487961,-0.11743164,0.28181458,-0.47401428,0.20478821,-0.18356323
7.5462646,0.3685913,-0.40771484,-0.45483398,0.052459717,-0.039749146
6.751388499999999,-0.32333374,-0.4699707,-0.40795898,-0.019973755,0.065704346
7.0363007,0.23451233,-0.20899963,-0.31954956,-0.038085938,0.07423401
7.0841827,0.3973236,0.44700623,-0.29185486,0.0002593994,0.006057739300000001
7.136856,0.5816803,0.7223358,-0.34617615,0.023696900000000003,-0.03868103
7.5366974,0.34225464,0.30336,-0.44204712,0.019439697,-0.047210693
7.773712,-0.72795105,-0.17787170000000002,-0.42820740000000007,0.0087890625,-0.121780396
8.503952,-1.2355194,-0.8793793,-0.17041016,0.09400939999999999,-0.22190857
9.294037,-0.17727661,-1.4683533000000002,0.15342712,0.21011353,-0.23043823
9.945250999999999,1.323883,-1.8657837,0.23971558,0.23036194,-0.18249512
11.202209,1.4411926000000002,-1.8274841,0.19923401,0.09826660000000001,-0.18463135
12.78717,0.24888611,-0.77882385,0.23545837,0.069503784,-0.38383484
13.658660999999999,-1.0655364999999999,0.04957580599999999,0.36648559999999997,-0.13716125,-0.6085968
14.0920105,-3.119751,0.35603333,0.40057373,-0.10733032,-0.62031555
13.158279,-3.7805633999999997,1.5698853000000002,0.24824524,-0.08282471,-0.46266174
12.554932,-1.6569061,5.515533400000001,0.07778931,-0.09986877400000001,-0.24002075
12.155106,-0.53401184,5.9177550000000005,0.08099365,-0.051940917999999996,-0.030166626000000002
9.801605,0.47633362,3.0375366,0.18751526,-0.02104187,0.11151123
9.068985000000001,1.536972,2.1516876,0.25250244,-0.035964966,0.22869873
10.503113,1.0748901000000002,2.1085814999999997,0.29510498,-0.059387207000000004,0.32989502
11.87738,0.52900696,2.446167,0.32707214,-0.0008087158,0.36505127
11.32193,-0.55078125,1.9625397,0.39097595,0.013046265,0.37251282
9.478394,-0.60824585,1.268219,0.46235657,0.032211303999999996,0.33947754
8.06102,-0.6848602,0.9497985999999999,0.5486449999999999,0.08868408,0.28515625
7.3068542,-0.77822876,0.65530396,0.6626281999999999,0.20799255,0.22230529999999998
6.7226562,-0.9984894,0.49728394,0.7489166,0.34753418,0.17543029999999998
6.9716644,-1.2235565000000002,0.40391540000000004,0.71269226,0.41038513,0.14454651
7.6037292,-1.6042328000000001,0.5020752,0.5955199999999999,0.3528595,0.100860596
8.448883,-1.8101348999999998,0.5236206,0.49963379999999996,0.22290039,0.061447144
9.191086,-1.7023926,0.10942078,0.48153687,0.09400939999999999,0.024169922000000003
9.329956,-1.2355194,-0.74050903,0.47193909999999994,0.024765015,0.018844603999999997
9.078552,-0.33529663,-1.0852814,0.36755370000000004,0.029022217000000003,0.09660339
8.834351,0.3757782,-0.97753906,0.030929565,0.08015442,0.21058655
8.88942,-0.15093994,-1.281601,-0.35577393,0.10572815,0.26278687
9.602889999999999,-0.93385315,-1.6024323,-0.5112915,0.15686035,0.25106812
10.603667999999999,-0.65133667,-2.0788727,-0.5027771,-0.09135437,0.21591187
11.846252,0.65589905,-2.0812683,-0.61994934,-0.41625977,0.33522034
12.887725999999999,1.8170929,-1.384552,-0.64338684,-0.5973510999999999,0.55999756
13.941177,3.0524902000000003,0.18365479,-0.46868896,-0.29374695,0.6217804
13.553314000000002,2.8441925,2.5251770000000002,-0.28652954,-0.12863159,0.47583008
10.728164999999999,-0.73991394,5.0055695,-0.14057922,-0.12544249999999998,0.22230529999999998
9.368256,-2.0136414,5.443710299999999,-0.10437012,-0.038085938,0.047607422
9.957230000000001,-2.0064545,3.3607483,-0.12992859,0.038604736,-0.041885376
11.381775,-3.0551147000000003,2.8196716,-0.16934204,0.09187317,-0.11857605
12.825485,-2.2315063,2.5993958,-0.24179077,0.14833069,-0.17823792
12.873367,-0.8931427,1.9553528000000002,-0.36747742,0.13342285,-0.23683167
11.482330000000001,-0.27305603,1.3951111,-0.5048981,0.09400939999999999,-0.30500793
10.347488,0.0046691895,1.1365356000000002,-0.61143494,0.10891724,-0.31991577
9.238968,0.25128174,0.7965698,-0.6359253,0.018371582,-0.3028717
7.369095,0.25367737,0.37757874,-0.5528411999999999,-0.05833435,-0.19953918
6.622101,0.44999695,0.116607666,-0.42820740000000007,-0.02104187,-0.077041626
6.825607300000001,0.69181824,0.073516846,-0.27160645,0.03541565,-0.02696228
7.100952,0.18423462,0.54756165,-0.16082764,0.06629944,-0.034423828
7.287689,-0.18685913,0.73191833,-0.17680359,0.032211303999999996,-0.031234741
7.735412599999999,-0.7016144,0.15013123,-0.30889893,-0.115859985,0.0018005370999999999
8.254959,-0.86442566,-0.22337341,-0.39518738,-0.16699219,-0.04081726
8.690704,-1.1565094,-0.37898254,-0.20130920000000002,-0.022109985,-0.19314575
8.901382,-0.49571228,-0.70700073,0.11933899,0.010910033999999999,-0.322052
9.181503,0.9096832,-1.3773651000000002,0.29937744,-0.039154053,-0.32098390000000004
10.553390499999999,1.2185363999999999,-1.8681793000000002,0.2642212,-0.07110596,-0.24108887
12.329880000000001,0.89053345,-1.0589447,0.17153929999999998,0.083343506,-0.228302
12.605209,0.05256653,0.054367065,0.12359619,-0.13395691,-0.50527954
13.342635999999999,-1.6497191999999998,0.93063354,0.20562744,-0.10733032,-0.70980835
14.496642999999999,-3.6273345999999997,0.6600951999999999,0.23864746,-0.07324219,-0.7002106
12.545364,-1.9561768,1.7111511000000001,0.118270874,-0.2554016,-0.47224426
12.016235,-0.49810790000000005,5.493988,0.033050537000000005,-0.25646973,-0.17077637
11.092087,-0.5388031,4.33519,0.0884552,-0.16166687,0.003921509
9.64119,0.473938,3.3918762000000005,0.17579651,-0.14355469,0.13601685
10.081726,0.98869324,2.6784057999999997,0.23439026,-0.09135437,0.22869873
10.993912,0.4835205,2.3815307999999997,0.292984,0.026885986,0.26385498
11.546982,-0.45979309999999995,2.1780242999999997,0.38565063,0.11317444,0.25639343
10.788025,-0.77583313,1.4597626,0.5102997,0.1685791,0.23509216
9.578949,-0.8787841999999999,0.64094543,0.60723877,0.23036194,0.22869873
8.446487,-0.72795105,0.21476746,0.691391,0.29321290000000005,0.21272278
7.2182617,-0.9314575,0.080703735,0.7712859999999999,0.40612793,0.18928528
6.9572906,-1.1852417,0.097457886,0.80111694,0.45726013,0.16691589999999998
7.476837,-1.5539551,0.27941895,0.73080444,0.36671448,0.11364746
8.355514999999999,-1.5802916999999999,0.41349792,0.6264038000000001,0.19627379999999997,0.042266846
9.092926,-1.3360748,0.19082642,0.55929565,0.062042235999999994,0.009246826
9.152771000000001,-0.9003296000000001,-0.41490173,0.5102997,0.023696900000000003,0.008178711
8.638031,-0.5651398,-1.1020355,0.40908813,0.050323485999999994,0.05079651
8.379456,-0.18206787,-1.2959747,0.13426208,0.07589722,0.16052246
8.293258999999999,-0.17250061,-1.1810455,-0.14164734,0.010910033999999999,0.21377563
8.949264999999999,-0.9865265,-1.1044312,-0.27693176,-0.025299072000000002,0.24681091
10.325942999999999,-0.5843048000000001,-1.1283722,-0.36428833,-0.08815002400000001,0.22016907
11.439239500000001,0.5840759,-1.1379546999999999,-0.3110199,-0.17550659,0.12322998
12.497482000000002,1.4507751,-1.3989258,-0.27587890000000004,-0.2735138,0.25106812
13.266022,2.3892975,-1.5545349,-0.28865050000000003,-0.28842163,0.53123474
13.586838,1.1658629999999999,-0.68544006,-0.21302795,-0.07749939,0.5887604000000001
13.155884,-0.79737854,2.3001251,-0.076660156,-0.025299072000000002,0.42469788
11.068146,-1.5922546,5.280899,0.017074585,-0.017852783,0.21804810000000002
9.916534,-0.57951355,4.7685394,0.02027893,0.018371582,0.06251526
9.878219999999999,-0.8093566999999999,3.4253998,3.0517577999999997e-05,0.024765015,-0.020584106
11.029831,-1.7382965,3.0973968999999997,-0.047912598,0.083343506,-0.07171631
12.183838,-1.403122,2.845993,-0.14271545,0.1770935,-0.11752319
12.011459,-0.917099,2.1540833,-0.27799988,0.21011353,-0.18249512
11.175873,-0.6345824999999999,1.5004578000000002,-0.44311523,0.23568726,-0.26239014
10.536621,-0.3209381,1.1125946000000002,-0.5251465,0.1685791,-0.31777954
9.396988,0.15312195,0.64811707,-0.5102234,0.08761597,-0.2943573
7.802444500000001,0.42366028,0.2554779,-0.4793396,0.1174469,-0.16438293
7.033905,1.0030518,-0.22337341,-0.42607117,0.19839478,-0.02909851
6.679565400000001,1.0988312,0.059143065999999994,-0.35150146,0.19200134,0.034820557
7.0434875,0.35662842,0.6313629,-0.3035736,0.16644287,0.019897461
7.4265593999999995,0.14833069,0.41827393,-0.37919617,0.09933472,0.014572143999999999
7.721039,-0.36882020000000004,-0.034225464,-0.48040770000000005,-0.015716553,0.020965576
7.768936,-1.0272217,-0.034225464,-0.372818,0.010910033999999999,-0.09088135
8.214249,-1.0822906,0.09027099599999999,-0.07347107,0.036483765,-0.25813293
8.575775,-0.4406433,-0.54418945,0.14596558,-0.039154053,-0.30393982
9.339523,0.82110596,-1.487503,0.16835022,0.053527832000000004,-0.20806885
11.156723,1.2496643,-1.1235808999999999,0.16088867,0.059921265,-0.04295349
12.286789,-0.04081726,-0.06774902,0.22373962,0.031158447000000002,-0.11218262
12.619583,-2.0734863000000003,0.22674560000000002,0.27912903,-0.13076782,-0.48184204
14.396072,-3.4262085,0.39672852,0.33346558,-0.008255005,-0.68104553
14.302704,-2.4733276,0.9545745999999999,0.29724120000000004,0.03967285,-0.6054076999999999
12.40889,0.29676820000000004,4.0718384,0.14596558,-0.14994812,-0.39128113
13.040955,0.05256653,6.3822327,0.096969604,-0.18615723,-0.17610168
10.780838000000001,-1.1852417,4.0478819999999995,0.16621399,-0.13076782,-0.030166626000000002
8.745758,0.339859,3.2554016,0.23225403,-0.13822937,0.09020996
9.617249000000001,0.84025574,2.7789612,0.29510498,-0.15527344,0.19567871
11.295592999999998,0.5122528000000001,2.61615,0.37820435,-0.10946655,0.26065063
11.247711,0.009460449000000001,2.3934937,0.46875,-0.07537842,0.30433655
10.165527,-0.3496704,1.7063598999999998,0.54971313,-0.023178099999999997,0.32563782
8.910965,-0.53401184,1.2969513000000001,0.61042786,0.020507812,0.29580688
7.8120270000000005,-0.82850647,1.0335846,0.6903229000000001,0.048202515,0.22869873
6.8615265,-1.0391998,0.7151642,0.79151917,0.10784912,0.16371155
6.796890299999999,-1.565918,0.47094727,0.83413696,0.1685791,0.11790466
7.476837,-1.5802916999999999,0.5810852,0.8181609999999999,0.1451416,0.05718994
8.290863,-1.395935,0.5882721,0.79151917,0.06097412,-0.022705077999999997
8.772095,-1.1253815,0.26264954,0.78619385,-0.055130005,-0.072769165
8.685913000000001,-0.73991394,-0.30715942,0.773407,-0.07110596,-0.034423828
8.250167999999999,-0.3784027,-0.6399536,0.550766,0.013046265,0.110458374
8.266922000000001,-0.42868042,-0.5872803000000001,0.17579651,-0.08177185,0.22869873
8.733794999999999,-1.1445465,-0.32632446,-0.11076355,-0.068984985,0.27023315
9.705841,-1.7359161,-0.8434601,-0.3344574,0.104660034,0.27557373
10.893355999999999,-0.26586914,-1.9160613999999998,-0.39730835,-0.011459351000000001,0.18395996
11.625992,2.0732727,-2.4284209999999997,-0.30996704,-0.28416443,0.12643433
12.904494999999999,2.9998169999999997,-2.5098267000000005,-0.27693176,-0.46739197,0.36824036
14.566070999999999,2.4491577,-1.5737,-0.29930115,-0.30653379999999997,0.6537323
14.992232999999999,0.7588501,0.5523529,-0.30143738,-0.06791687,0.6686554
13.031386999999999,-0.49571228,4.023941000000001,-0.21089172,-0.024246216,0.47050476
10.35466,-0.625,5.256958,-0.15229797,0.043930054,0.22763062
9.147995,-0.13897705,3.6408690999999997,-0.16934204,0.12489319,0.023101807000000002
9.042648,-1.2474976,2.5754547000000003,-0.19703674,0.1451416,-0.11325073
10.639572,-1.6976012999999999,2.5251770000000002,-0.2364502,0.18667603,-0.1963501
12.191025,-0.94821167,2.3408203,-0.2843933,0.3059845,-0.25813293
12.253264999999999,-0.4765625,1.8188933999999997,-0.43885803,0.37097168,-0.31991577
11.307556,-0.29699707,1.3807526,-0.62527466,0.23248291,-0.37637329999999997
10.076935,-0.17250061,1.0671082,-0.7062378,0.01411438,-0.38702393
8.515915,-0.22517395,0.95936584,-0.6966553000000001,-0.078567505,-0.28475952
6.954895,0.13156128,0.33448792,-0.6263428000000001,-0.05833435,-0.15693665
6.2845306,0.84265137,-0.15872192,-0.49424744,0.08547974,-0.053604125999999995
6.650833,0.68463135,0.6361541999999999,-0.34510803,0.18881226,-0.018447876000000002
7.347549400000001,0.87376404,0.91148376,-0.25883484,0.18028260000000002,-0.018447876000000002
7.972442599999999,0.43563843,0.2842102,-0.32913208,0.055648804,0.013519287
8.269318,-0.7662505999999999,-0.34547424,-0.45909120000000003,-0.041290283,0.024169922000000003
8.671539,-1.7550659,-0.096466064,-0.37919617,-0.026367188,-0.07171631
9.100098,-1.3600159,0.016052246000000003,-0.06921387,0.041809082000000004,-0.2474823
9.04744,0.06452942,-0.7261505,0.23652649,0.14300537,-0.29968262
9.861464999999999,1.5010529,-1.8777618000000003,0.3473053,0.14619446,-0.22084045
11.432053,1.4364013999999998,-1.6119995,0.29937744,0.08761597,-0.08129883
12.72493,-0.5555725,-0.42208862,0.30789185,-0.029571532999999997,-0.10366821
13.761612,-1.6233826,0.7223358,0.39736938,-0.28523254,-0.44561768
15.126311999999999,-3.2346802,1.9768982,0.46661377,-0.11053467,-0.7342987
13.163070999999999,-3.7637940000000003,0.9713440000000001,0.3622284,-0.12330627400000001,-0.70448303
9.473602,-0.6944275,4.150833,0.20243835,-0.28735352,-0.38702393
9.85907,0.3183136,5.810028,0.16195679,-0.26393127,-0.04827881
11.032227,0.49069214,3.6815796,0.22267151,-0.22451782,0.13069153
11.108841,0.5744934,2.9154357999999996,0.23545837,-0.1797638,0.21377563
11.10405,0.4619751,2.4270172000000003,0.23864746,-0.12118530000000001,0.2691803
11.211791999999999,0.7516632,2.2450562,0.27806090000000006,-0.07963562,0.30752563
10.783234,0.15789795,2.0511322,0.35369873,-0.011459351000000001,0.34268188
9.952438,-0.10305786,1.3065338,0.41336059999999997,0.09719849,0.3480072
8.721817,-0.08151245,1.0144348,0.48791504,0.18241882,0.27662659999999994
7.4959869999999995,-0.30656433,0.8061371,0.57847595,0.2239685,0.15519714
6.689147999999999,-0.9434203999999999,0.5954437,0.6455841,0.29853820000000003,0.06037903
6.777725,-1.6305695,0.5236206,0.62428284,0.34114075,-0.003540039
7.665985000000001,-1.7095794999999998,0.7798004,0.55610657,0.29321290000000005,-0.072769165
8.580566000000001,-1.5587311000000001,0.80374146,0.49751282,0.14726257,-0.11325073
9.121658,-1.2953796,0.28181458,0.50497437,-0.03276062,-0.096206665
8.987579,-0.77583313,-0.53460693,0.47833252,-0.043411255,-0.021636963
8.733794999999999,-0.18685913,-0.77882385,0.25994873,0.069503784,0.13494873
8.580566000000001,-0.0048980713,-0.77163696,-0.09265137,0.013046265,0.21165466
8.745758,-0.6680908,-0.9224701,-0.35577393,0.021560668999999998,0.22976685
9.739365,-1.292984,-1.6958008000000002,-0.49638367,0.09719849,0.22763062
10.845474000000001,-0.15333557,-2.24646,-0.47827148,-0.15420532,0.14241028
11.712173,1.5680847,-2.265625,-0.47294617,-0.3523407,0.24893188
12.62677,2.5521088,-2.0118408,-0.6295470999999999,-0.49615479999999995,0.64201355
13.639510999999999,2.4180298,-0.9512023999999999,-0.5773468,-0.26498413,0.8401642
13.392914000000001,0.84265137,1.699173,-0.35577393,-0.12757874,0.61964417
11.278824,-0.8524475,5.4173737,-0.14590454,-0.12544249999999998,0.27130127
9.825546000000001,-0.87638855,5.611297599999999,-0.036193848,-0.08282471,0.042266846
10.287628,-0.44303894,3.7701568999999995,0.05329895,-0.010391235,-0.047210693
11.645142,-2.1405334,3.454132,0.11508179,0.062042235999999994,-0.07171631
13.026596000000001,-2.8013306,3.2961120000000004,0.14170837,0.1770935,-0.12071228
12.94519,-2.2506561,2.331253,0.047973632999999995,0.31132507,-0.20806885
11.745697,-1.7622375,1.7542419999999999,-0.18638611,0.32090759999999996,-0.28901672
10.251709,-1.2403107,1.5148315,-0.42607117,0.24633789,-0.33695984
9.119263,-0.72076416,1.1676636,-0.64338684,0.20692444,-0.2943573
7.555847,0.0022888184,0.41349792,-0.7477875,0.09613037,-0.11538696
6.1073455999999995,0.9958800999999999,-0.42208862,-0.69451904,-0.07005310000000001,0.035888672
5.8415985,0.8953247,-0.17308044,-0.6061095999999999,-0.035964966,0.058258057
6.6963196,1.0581207000000001,0.33688354,-0.5443115,0.0055847169999999995,0.003921509
7.333191,1.6878052,0.46377563,-0.5592345999999999,-0.12223816,-0.07064819
8.168762,0.73490906,0.42066956,-0.52301025,-0.25646973,-0.14521789999999998
9.078552,-0.61302185,-0.050979614000000006,-0.38240050000000003,-0.20213318,-0.23683167
9.004333500000001,-1.6305695,-0.28321838,-0.111816406,0.06311035,-0.31991577
8.302841,-1.4845123,-1.2289276000000002,0.10122681,0.20585632,-0.29222107
8.8654785,-0.3209381,-1.6119995,0.22480774,0.23461914,-0.22190857
11.020247999999999,0.335083,-1.1499176000000002,0.22053528,0.12063599,-0.107925415
13.244461,-0.10305786,-0.58010864,0.14916992,0.12702942,-0.034423828
13.483887,-1.4007263,-0.63038635,0.16407776,0.023696900000000003,-0.357193
13.979492,-2.2410889,-0.25448608,0.27806090000000006,-0.06791687,-0.76626587
13.677826000000001,-2.2051697,0.64572144,0.29510498,-0.005065918,-0.8184661999999999
11.271652,-1.5611267,1.457367,0.118270874,-0.11053467,-0.579834
11.355438000000001,-0.6465454,5.9273375999999995,-0.08200073,-0.104141235,-0.29541016
12.214966,-1.1517181,5.7286224,-0.12460327,-0.015716553,-0.17930603
9.899764999999999,-0.50289917,3.3775177000000003,-0.0990448,-0.0039978027,-0.17184448
8.963638000000001,1.6590729,2.7550201000000003,-0.08093262,-0.05619812,-0.11857605
10.268478,1.9583435000000002,2.4198303,-0.064956665,-0.059387207000000004,-0.01737976
11.410507,0.9503784,2.3240662,-0.047912598,-0.024246216,0.08595276
11.3051605,-0.59147644,1.8931122,-0.021270752,-0.022109985,0.15945435
9.942871,-0.70401,1.3951111,0.011749268,0.010910033999999999,0.19354248
8.386627,-0.5890808000000001,0.92585754,0.07992554,0.08868408,0.16903687
6.995605499999999,-0.6609191999999999,0.4948883,0.20455933,0.22076416,0.12750244
6.26297,-0.97454834,0.38237,0.33984375,0.33369446,0.12004089
6.468872,-0.8237152,0.58348083,0.4644928,0.31665040000000005,0.089141846
7.361908000000001,-1.0272217,0.8372649999999999,0.66474915,0.13342285,0.028427123999999998
8.367477000000001,-1.4366302,0.7869873000000001,0.8905945,-0.026367188,0.015640259
8.879837,-1.3791656,0.28181458,0.95877075,-0.05833435,0.05718994
9.315582000000001,-1.0032806,-0.108444214,0.7712859999999999,-0.027435302999999998,0.16371155
9.550217,-0.8045654000000001,0.24349976,0.38565063,-0.05406189,0.27876282
9.217422500000001,-1.4198761,0.018447876000000002,-0.008483886999999999,-0.029571532999999997,0.31604004
9.143203999999999,-2.0734863000000003,-1.2169647,-0.24923706,-0.10093689,0.33522034
10.141586,-1.2019958,-2.2392882999999997,-0.28225708,-0.30441284,0.27557373
11.7313385,0.72532654,-2.2321014,-0.20024109,-0.46632385,0.22869873
13.297134,2.47789,-1.8825531000000002,-0.09158325,-0.74435425,0.47157288
14.417632999999999,3.2440338,-0.42687988,0.02027893,-0.53131104,0.74427795
13.531769,2.3797302000000005,0.9426117,0.083114624,-0.24049377,0.7655945
11.123199000000001,-0.4885254,3.6073608,0.19923401,-0.22984314,0.52163696
9.665131,-1.3600159,5.996765,0.28659058,-0.19787598,0.25639343
9.763306,-0.46218872,4.457290599999999,0.2450409,-0.115859985,0.07849121
9.945250999999999,-1.6209869,2.6664276,0.13319397,0.031158447000000002,-0.05467224
11.127991,-2.1357422,2.276184,-0.041519165,0.1174469,-0.1537323
12.315521,-0.9314575,1.9649352999999998,-0.26202393,0.21438599,-0.20379639
12.739288,0.40930176,1.13414,-0.49317932,0.22290039,-0.28157043
12.219757000000001,1.0293884,0.5236206,-0.6593628,0.12170410000000002,-0.36039734
10.222992,1.2472687,0.39672852,-0.74565125,0.08015442,-0.37104797
8.128052,0.9767151,0.078308105,-0.77334595,0.06097412,-0.29754640000000004
6.986022999999999,0.7732085999999999,-0.2640686,-0.7307434,0.06629944,-0.17823792
6.780121,0.8234863000000001,-0.2760315,-0.6135559,0.14193726,-0.074905396
6.986022999999999,0.68463135,-0.0030975342,-0.48466492,0.26977540000000005,-0.022705077999999997
7.402618400000001,0.46435547,-0.036621094,-0.38346863,0.294281,-0.02696228
7.970047,0.21536255,-0.27365112,-0.37493896,0.17495728,-0.02696228
8.666748,-0.17250061,-0.5872803000000001,-0.47613525,0.0045166016,-0.013122558999999999
9.325165,-0.56993103,-0.99668884,-0.4835968,-0.08921814,-0.086624146
9.411346,-0.5364075,-0.95599365,-0.22047424,-0.07324219,-0.29115295
8.824767999999999,0.11001587,-1.0158539,0.050094604,-0.14248657,-0.46372986
8.446487,0.81152344,-1.6383362,0.06074524,-0.11158752400000001,-0.42643738
9.705841,1.0748901000000002,-1.3989258,0.002166748,-0.07643127400000001,-0.24960327
12.358611999999999,0.93122864,0.119003296,-0.064956665,0.11210632,-0.33163452
13.467132999999999,-0.21798706,0.7391052,-0.10862732,-0.06578064,-0.802475
13.503036499999999,-2.3177032000000004,-0.5681305,-0.023406982000000003,-0.045547485,-1.0474854
12.648315,-1.9537811,-0.6902313,0.033050537000000005,0.052459717,-0.8536072
11.987518,0.7013855,3.1716156000000004,-0.13845825,-0.011459351000000001,-0.43389893
14.132720999999998,0.29676820000000004,6.4875793,-0.3078308,0.017303467,-0.09727478
12.961960000000001,-2.0854645,3.9114226999999997,-0.33872986,0.095062256,0.056121826
9.241364,0.09565735,2.7717742999999997,-0.36428833,0.06097412,0.16264343
8.769699000000001,1.9152527,2.0487366000000002,-0.41435242,-0.012527466000000001,0.26704407
10.759293,1.4244385,1.8404387999999998,-0.47294617,0.04925537,0.33842468
11.841461,0.8067321999999999,2.0008545,-0.48040770000000005,0.12915039,0.35012817
10.553390499999999,0.39492798,1.457367,-0.37600708,0.11531067,0.31817627
8.666748,-0.20123291,1.165268,-0.17893982,0.071640015,0.296875
7.4074097000000005,-0.23474121,0.8157196,0.052230835,0.11105347,0.26597595
6.4497222999999995,-0.55796814,0.51405334,0.2652893,0.13661194,0.27662659999999994
5.982849,-1.0966492,0.6002350000000001,0.40803528,0.13768005,0.31710815
6.3922577,-1.5180358999999999,0.94740295,0.46981812,0.14939879999999997,0.29899597
7.795273,-1.9801178,1.2993469,0.53585815,0.11956787,0.22549438
9.389801,-1.9944762999999999,1.1006316999999999,0.6349335,0.032211303999999996,0.12962341
10.313965,-1.1876373,0.18125916,0.6178894,-0.037017822,0.09553528
10.07933,-0.28741455,-0.8219146999999999,0.4410553,-0.09986877400000001,0.15199279999999998
9.775269,0.07650757,-1.3270874,0.06820679,-0.053009033,0.27236938
9.655563,-0.46697998,-1.7604369999999998,-0.23112488,-0.051940917999999996,0.33735657
9.368256,-1.2091827,-2.138733,-0.25883484,-0.037017822,0.34268188
9.758514,-0.95539856,-2.2632293999999997,-0.20130920000000002,-0.26393127,0.26171875
11.113632,0.019042969,-1.6862183000000002,-0.074539185,-0.51426697,0.14027405
12.406494,1.1275635,-0.127594,0.011749268,-0.5792389,0.40020752
13.313904,2.987854,1.4884948999999998,0.07460022,-0.32783508,0.7517395
13.04335,2.4850616000000003,2.3264617999999997,0.16195679,-0.17124939,0.7016754
10.859848,-1.3504486,4.4094086,0.23545837,-0.14994812,0.3330841
9.792023,-2.0854645,5.719040000000001,0.2216034,-0.08389282,0.015640259
10.931671000000001,-1.3600159,3.4373627,0.16621399,0.030090332,-0.12710571
11.764847,-1.9394226000000003,2.2809752999999997,0.10229492,0.14726257,-0.19314575
12.667465,-2.2171478,2.415039,-0.0287323,0.21757507,-0.22937012
12.734497,-0.70880127,1.747055,-0.20982361,0.24313354,-0.26664734
12.064133,0.53619385,1.1030273000000002,-0.38240050000000003,0.153656,-0.357193
10.831116,0.37098694,0.8875427,-0.52726746,0.12702942,-0.4189911
9.200667999999999,0.13156128,0.52601624,-0.64445496,0.071640015,-0.357193
7.4433136,0.47633362,0.097457886,-0.66789246,0.03755188,-0.15586853
6.557464599999999,0.9144745000000001,-0.0007019042999999999,-0.60183716,0.13449097,0.03907776
6.306076,1.2544556,-0.09408569,-0.54112244,0.19094849,0.12110901
6.234253,1.2281189,-0.23054504,-0.49745178,0.18562317,0.13282776
6.950119,1.1993866000000002,-0.2137909,-0.54644775,0.05885315,0.13388062
8.008347,0.83306885,-0.2760315,-0.7168884,-0.068984985,0.114715576
8.721817,0.23690796,-0.7524871999999999,-0.7808075,-0.08389282,0.046539307
9.037857,-0.11264038,-0.6160126,-0.5304718,-0.08602905,-0.11645508
8.88942,0.17706299,-0.5705260999999999,-0.086257935,-0.08496094,-0.35400390000000004
8.956451,0.7013855,-2.0405578999999996,0.3238678,-0.09774780000000001,-0.42964172
9.930893,1.3502197,-2.8928986,0.5465088,-0.049804688,-0.31033325
11.331497,1.3645782,-1.6981964,0.6668854000000001,0.20799255,-0.18782043
13.036178999999999,-0.17967224,-0.13957214,0.7276001,0.03967285,-0.275177
13.941177,-2.26503,1.6656647,0.74998474,-0.12651062,-0.5031433
15.31546,-3.909851,1.9840851000000002,0.87461853,0.081222534,-0.56918335
13.943573,-3.2682037,1.2945556999999999,0.914032,-0.06578064,-0.44880676
11.889342999999998,-0.77822876,5.3694916,0.85118103,-0.22451782,-0.16758728
11.24292,-1.2307281,4.914596599999999,0.83625793,-0.059387207000000004,0.10192871
8.877441000000001,-0.4765625,3.2889252,0.9055023000000001,-0.078567505,0.29048157
8.049057000000001,0.44760132,3.0255585,0.88101196,-0.013595581,0.41085815
9.710632,-0.2419281,2.8747252999999997,0.7222748000000001,0.20266724,0.43429565
11.549377,-0.9027252,3.0159912,0.5656891,0.27616882,0.39060974
11.068146,-0.9362488000000001,2.4198303,0.44317627,0.27616882,0.28941345
10.431274,-0.7423095999999999,1.0934448,0.32600403,0.3539276,0.19886779999999998
9.698654,0.03819275,0.080703735,0.24929810000000002,0.42956543,0.14347839999999998
8.503952,0.6247710999999999,-0.07252502400000001,0.22906494,0.47644043,0.09234619
8.23819,0.38774109999999995,0.063934326,0.2216034,0.53608704,0.032684326
8.688309,0.25128174,0.13337708,0.22267151,0.5712433000000001,-0.032287598
8.556625,0.1124115,0.16209412,0.29510498,0.5073242,-0.06425476
8.070602000000001,-0.34008790000000005,0.013656616000000002,0.39950562,0.33795166,-0.0834198
7.9197693,-0.759079,-0.12280273400000001,0.49751282,0.081222534,-0.1260376
8.039474499999999,-0.8213196,0.0064697266000000005,0.5571594,-0.030639648,-0.12922668
8.12088,-0.67048645,0.5667267,0.39950562,0.034347534,-0.0045928955
8.015533,-0.8021698,1.0096436,0.09803772,0.092941284,0.13388062
8.183121,-1.3648071000000002,0.6194,-0.16401672,0.13128662,0.13069153
9.356277,-1.4414215,-0.9248656999999999,-0.32273865,0.15579224,0.010314941
10.941253999999999,-0.26826477,-2.4739227,-0.3344574,-0.047683715999999994,0.020965576
12.037796,1.6303406,-2.7779846,-0.3855896,-0.24581909,0.21484375
12.281998,2.2360687,-2.6367187999999997,-0.62420654,-0.48657227,0.48649597
13.349808,1.0724945,-0.40771484,-0.61569214,-0.45567322,0.6068573
14.666626,1.1682587,3.3320160000000003,-0.52407837,-0.27458190000000005,0.5344238
12.435226,1.0581207000000001,4.636856,-0.372818,-0.29481506,0.31924438
9.018707000000001,-0.31135559999999995,5.3862457,-0.24604797,-0.16485596,0.11364746
8.465637,-0.43345642,4.2274475,-0.22047424,-0.029571532999999997,-0.021636963
10.2565,-1.5371857,3.2625884999999997,-0.29824829999999997,0.052459717,-0.15266418
12.667465,-2.044754,3.2362518,-0.41116333,0.04499817,-0.2474823
13.550919,-1.4318389999999999,2.793335,-0.52407837,-0.038085938,-0.32737732
12.423264,-0.80696106,2.2689972000000003,-0.57095337,-0.13183594,-0.3731842
10.890961,0.0070648193000000005,1.6824188000000002,-0.58374023,-0.14887999999999998,-0.40087890000000004
8.930114999999999,0.7325134,1.3089294,-0.57839966,-0.13290405,-0.3497467
7.4816284,1.0677032,0.83247375,-0.5357970999999999,-0.11798096,-0.20379639
6.705902,0.5673064999999999,0.6529083000000001,-0.48040770000000005,0.010910033999999999,-0.05039978
6.7035065000000005,-0.19165039,0.54278564,-0.3855896,0.021560668999999998,0.044403076
6.720275999999999,-0.6824646,0.64811707,-0.29718018,-0.029571532999999997,0.053985596
7.0267334,-0.43345642,0.5954437,-0.30143738,-0.092422485,0.023101807000000002
7.572601299999999,-0.04798889,0.2052002,-0.37387085,-0.18190002,0.014572143999999999
7.759353599999999,0.15312195,0.13575745,-0.41435242,-0.12011719,0.0071258545
8.104111,-0.09349060000000001,0.15492249,-0.28971863,0.013046265,-0.09088135
8.839141999999999,-0.15573120000000001,-0.42926025,-0.10542297,0.041809082000000004,-0.14094543
9.758514,0.5122528000000001,-1.4779205,-0.09690857,-0.022109985,-0.02909851
11.441635,1.1874083999999998,-1.7532653999999999,-0.13632202,0.015167236,0.08807373
13.017014,1.0246124,-1.0493622,-0.16294861,0.027954102,0.098739624
12.689011,-0.6848602,-0.20899963,-0.11608887,0.057785034000000006,-0.28263855
11.539795,-2.063919,-1.032608,0.33239746,-0.05406189,-0.8972931000000001
12.384949,-1.1373596000000001,-0.2425232,0.78726196,-0.23728943,-1.0442963
12.377761999999999,0.0022888184,2.61615,0.80537415,-0.41944885,-0.767334
12.011459,-2.2410889,5.493988,0.56248474,-0.36831665,-0.25813293
13.0481415,-3.7111205999999997,7.7277830000000005,0.4730072,-0.2266388,0.11897278
11.089691,-3.0168,4.4525146,0.45063782,-0.15100098,0.25639343
8.729004,-0.842865,2.252243,0.42080688,-0.113723755,0.29580688
8.96843,1.7668152,1.9433898999999997,0.4453125,-0.04234314,0.34268188
10.483948,2.6909637,2.1373138,0.44744873,0.016235351999999998,0.43215942
11.623596000000001,1.4699249,1.5555267,0.45916748,0.036483765,0.5227050999999999
11.252487,-0.09588623,0.7774048000000001,0.47621155,-0.068984985,0.5301666
9.689072,-0.49810790000000005,0.7438965,0.517746,-0.10519409,0.46624756
7.9915924,-0.5843048000000001,0.52601624,0.5390625,-0.0072021483999999995,0.36717224
7.0985565,-0.99131775,0.18125916,0.52734375,0.15898132,0.29048157
7.165588400000001,-1.1325684,0.27462770000000003,0.46128845,0.14193726,0.24467468
7.989197,-0.96258545,0.5667267,0.39204407,0.03755188,0.21804810000000002
8.752945,-0.6944275,0.17886353,0.35263062,0.046066284000000006,0.20205688
8.705063,-0.37361145,-0.35983276,0.2684784,0.11210632,0.20419312
7.519928,-0.17967224,-0.6662903,0.122543335,0.11424255,0.23402405
7.0578460000000005,-0.31135559999999995,-1.0661316,-0.022338867000000002,0.013046265,0.24148560000000002
8.020325,-0.55796814,-0.91290283,-0.08200073,-0.078567505,0.17436218
9.20784,-0.625,-0.69262695,-0.06600952,-0.049804688,0.05293274
10.230164,-0.43585205,-0.86979675,-0.08732605,0.07376099,-0.07383728
11.333893,0.011856078999999999,-1.226532,-0.14485168,0.10998535,-0.12071228
12.195801,0.87138367,-1.8466339,-0.17359924,-0.06578064,-0.035491943
12.361008,1.2616272,-2.8641662999999995,-0.27587890000000004,-0.19894409,0.3011322
12.54776,0.019042969,-2.727707,-0.39411926,-0.22877502,0.5610504
13.335448999999999,-1.2857971000000001,0.169281,-0.34724426,-0.07963562,0.44601440000000003
13.131943,-0.7327423000000001,3.6696013999999995,-0.22579956,0.0034637451,0.18289185
11.005889999999999,0.770813,5.7429809999999994,-0.08732605,0.12170410000000002,-0.030166626000000002
9.880614999999999,-0.24911499,4.404632599999999,-0.09051514,0.17922974,-0.14094543
10.742523,-1.8532256999999999,2.944168,-0.19703674,0.15472412,-0.19421387
12.4040985,-2.171646,2.4748992999999997,-0.26628113,0.13342285,-0.22616577
13.500641,-1.7526703000000001,2.142105,-0.3312683,0.19520569,-0.27197266
12.578888000000001,-1.2522736,1.3448334,-0.39411926,0.11317444,-0.35186768
11.017868,-0.8907623,1.0192261,-0.45164490000000007,0.0013275146,-0.40727234
9.698654,0.05973816,0.8229065000000001,-0.5624237,-0.07537842,-0.37530518
8.362686,1.0102386,0.34884644,-0.57307434,-0.11798096,-0.21658325
6.907013,0.74209595,0.20999146,-0.487854,-0.10946655,-0.03656006
6.1025696,0.25846863,0.45898438,-0.36642456,-0.027435302999999998,0.06677246
6.188751,0.26324463,0.15252686,-0.27799988,0.07269287,0.06677246
6.705902,0.5098572,0.44461059999999997,-0.20982361,0.069503784,0.03907776
7.321213,0.15072632,0.38237,-0.19064331,0.0013275146,0.056121826
8.178345,-0.80696106,-0.29040527,-0.21728516,-0.06365967,0.079559326
8.877441000000001,-1.9585723999999998,-0.75009155,-0.19703674,-0.051940917999999996,-0.05253601
8.992371,-1.5515594,-0.69262695,-0.008483886999999999,-0.019973755,-0.31991577
9.102492999999999,-0.0048980713,-0.54418945,0.2695465,-0.06365967,-0.49674988
9.729782,1.2831726,-0.9224701,0.37927246,0.018371582,-0.48716736
11.238128999999999,1.4890747,-1.408493,0.26101685,0.19839478,-0.37850952
12.636337,0.6750488,-1.4372253000000001,0.24397278,0.27189636,-0.4243164000000001
12.942795,-0.16531372,-0.5872803000000001,0.17260742,-0.0008087158,-0.5723876999999999
13.886107999999998,-1.2091827,0.22434998,0.17047119,-0.06578064,-0.62031555
14.333832000000001,-2.7582397000000003,0.18843079,0.26208496,-0.19041443,-0.6011505
13.352203,-1.3121338,3.2601929,0.22692871,-0.25221252,-0.43708800000000003
12.380157,-0.007293701,5.8243865999999995,0.17686462,-0.048736572,-0.15266418
9.385010000000001,-0.89553833,4.1484528,0.25143433,0.15153503,0.07849121
8.240585000000001,-0.2634735,3.434967,0.35050964,0.18562317,0.24148560000000002
9.897369,-0.22038269,2.1205597000000003,0.39204407,0.08761597,0.36824036
11.781616,-0.6345824999999999,1.7135468,0.38565063,0.0471344,0.41511536
12.308334,-1.3408661,1.9505615,0.36434937,0.057785034000000006,0.38316345
10.390578999999999,-1.1349639999999999,1.5483398000000002,0.37181090000000006,0.13661194,0.31924438
8.23819,-0.6848602,0.9497985999999999,0.42720032,0.21331787,0.2734375
7.3714905,-0.45501709999999995,0.56910706,0.50283813,0.22929382,0.23509216
7.235016000000001,-0.2922058,0.45419312,0.51242065,0.24420166,0.15731812
7.5845795,-0.48135376,0.41827393,0.50390625,0.26977540000000005,0.09446716
7.903,-0.54359436,0.6576996,0.48153687,0.27296448,0.079559326
8.029892,-0.89793396,0.758255,0.46342468,0.28681946,0.08274841
8.503952,-1.0487671,0.25068665,0.47407532,0.28468323,0.056121826
8.860686999999999,-0.6944275,-0.33110046,0.49537659999999994,0.18455505,-0.010986328
9.104889,-0.3496704,-0.8961334000000001,0.47621155,0.07376099,-0.07809448
9.547821,0.03340149,-1.408493,0.292984,0.03755188,-0.047210693
9.734573,0.14114379999999999,-1.5305939,-0.13951111,0.027954102,0.10832214
9.495148,-0.57232666,-1.5401764,-0.6593628,0.05885315,0.24681091
9.475997999999999,-1.4533996999999999,-1.7580566000000002,-1.0503235,0.14300537,0.30752563
10.246933,-1.7071838,-1.9112854,-1.2047881999999999,-0.0061340330000000005,0.25852966
11.525436000000001,-0.014480591000000001,-2.0309906000000004,-1.139801,-0.25221252,0.13494873
12.138351,2.5880127,-1.8873291,-1.0801392,-0.52171326,0.23402405
12.777603,4.3094482,-0.6184082,-0.94699097,-0.36831665,0.5301666
12.918854,4.3333892999999994,1.1078033,-0.72328186,0.0013275146,0.69847107
10.491135,0.6104126,3.8419952000000004,-0.46229553,0.06311035,0.5045929
8.439300999999999,-2.6145782000000004,5.781296,-0.32380676,0.0002593994,0.22869873
9.461624,-3.33284,4.5315247,-0.29078674,-0.061523438,0.038009644
11.951599,-3.9266052000000005,3.6672057999999996,-0.19171143,-0.051940917999999996,-0.107925415
13.785553,-3.1125792999999997,3.8012848,-0.09370422,-0.04234314,-0.24641418
13.579651,-1.1445465,3.6384735,-0.046844482,0.016235351999999998,-0.3028717
12.466353999999999,-0.4190979,2.7454376,-0.022338867000000002,-0.0039978027,-0.31352234
11.24292,-0.9434203999999999,2.1923828,-0.037246704,0.09933472,-0.28796387
10.055389,-1.3408661,1.7829741999999997,-0.10542297,0.17495728,-0.23043823
8.635635,-0.9984894,1.031189,-0.13632202,0.16004944,-0.14733887
7.230239999999999,-0.7303467,0.77500916,-0.10862732,0.09080505,-0.03868103
6.8016663,-0.56993103,0.45898438,-0.064956665,-0.08389282,0.03694153
7.024338,-0.45501709999999995,0.2339325,-0.035125732,-0.2735138,0.04866028
7.373886,0.47154236,0.39912415,-0.1267395,-0.35447693,0.006057739300000001
7.352340700000001,0.67744446,0.54278564,-0.30569458,-0.31399536,-0.005661010699999999
7.191925,0.06452942,0.43983459999999996,-0.45271300000000003,-0.22131348,0.025222777999999998
7.1871339999999995,-0.6656951999999999,0.21237183,-0.43992615,-0.08177185,-0.02696228
7.5606384,-0.60105896,-1.2552643,-0.24391174,0.09400939999999999,-0.18888855
8.659576,0.33746338,-2.162674,-0.015945435,0.15046692,-0.2517395
10.129608000000001,1.596817,-1.8083343999999997,0.16088867,0.22608948,-0.22297668
12.037796,1.8601836999999999,-1.1738586000000002,0.24078369,0.051391599999999996,-0.14733887
13.711333999999999,0.44999695,-0.7740326,0.19390869,-0.047683715999999994,-0.11218262
13.807098000000002,-1.2019958,-0.92007446,0.18112183,-0.1765747,-0.34867859999999995
14.077651999999999,-2.4206543,-0.18984985,0.32919312,-0.12757874,-0.5734558000000001
13.086456,-2.2793883999999998,1.2849883999999998,0.45916748,-0.040222167999999996,-0.6054076999999999
10.804779,-1.2810059,2.1373138,0.39097595,-0.18722534,-0.43815613
11.367416,-1.2881927,5.565811,0.25889587,-0.18508911,-0.13668823
11.477554,-2.039978,4.418991,0.23864746,-0.12437439,0.07316589
10.007507,-1.4222716999999998,3.0399323,0.25143433,-0.08389282,0.15519714
9.578949,-0.10784912,2.5922089,0.30363464,-0.07963562,0.18501282
10.184677,1.1802216,1.8619843,0.39631653,-0.005065918,0.22230529999999998
10.876602,1.0988312,1.9002838,0.48898315,0.09933472,0.26065063
11.005889999999999,0.0022888184,1.5746765,0.58380127,0.17602539,0.27662659999999994
10.151154,-0.917099,1.0144348,0.68392944,0.21331787,0.25958252
9.030669999999999,-1.0272217,0.7462920999999999,0.78726196,0.24208069,0.21591187
7.879059,-1.1565094,0.5882721,0.85118103,0.29747009999999996,0.15519714
7.208678999999999,-1.6281738000000001,0.47813416,0.8394623,0.31665040000000005,0.10192871
7.112914999999999,-1.9274445,0.5619354,0.75849915,0.24420166,0.061447144
7.524719,-1.8460387999999999,0.7151642,0.6402588,0.13128662,0.016708373999999998
8.163971,-1.5347899999999999,0.5619354,0.55503845,0.023696900000000003,-0.041885376
8.671539,-0.9889220999999999,-0.07014465,0.51242065,-0.047683715999999994,-0.09088135
8.518311,-0.2778473,-0.62319946,0.4730072,-0.03489685,-0.08129883
8.271713,0.13874817,-0.91290283,0.30470276,0.0077209473,0.020965576
8.544647,-0.25868225,-1.1762542999999999,0.002166748,0.0013275146,0.12643433
9.373047,-1.0415955,-1.3582153000000001,-0.28120422,0.07589722,0.16903687
10.436066,-1.1876373,-1.5808716,-0.47508240000000007,0.13128662,0.13920593
11.278824,0.10284424,-1.7939606,-0.5581665,-0.057266235,0.20526123
11.901321000000001,1.3071289,-2.021408,-0.64019775,-0.35340879999999997,0.41297913
12.614792,1.7620238999999998,-1.9040985000000001,-0.5336609,-0.37791443,0.49926758
14.156661999999999,1.9056702,-0.12280273400000001,-0.42927550000000003,-0.10307312,0.45878599999999997
14.276367,1.6399231,2.6616516,-0.29930115,-0.0061340330000000005,0.34907532
12.277206,-0.21798706,5.508346599999999,-0.17147827,0.06629944,0.19673157
10.055389,-0.62739563,4.826004,-0.16934204,0.15472412,0.056121826
8.714644999999999,-1.802948,3.2338562,-0.23751831,0.17070007,-0.028030396000000003
10.287628,-3.0000457999999997,2.8699493,-0.30569458,0.11956787,-0.11538696
12.636337,-1.960968,2.9154357999999996,-0.39624023,0.12702942,-0.21765137
12.870972,-0.6968231,2.2594147,-0.5081024000000001,0.13128662,-0.2986145
11.199814,-0.19883728,1.699173,-0.6029053000000001,0.08654785,-0.34228516
9.926102,-0.03363037,1.2586517,-0.6519165,0.051391599999999996,-0.3263092
8.989975,0.16508484,0.8300780999999999,-0.6316681,-0.001876831,-0.21658325
7.505569500000001,0.5314026,0.39912415,-0.5634918000000001,0.022628784,-0.06211853
6.715484599999999,0.35902405,0.24349976,-0.47720337,0.1451416,0.040145874
6.7466125,0.27043152,0.3129425,-0.36109924,0.15153503,0.06251526
6.986022999999999,0.27522278,0.59306335,-0.27799988,0.022628784,0.04547119
7.524719,-0.06715393,0.5020752,-0.3078308,-0.14567566,0.027359009
8.221436,-0.59147644,-0.09408569,-0.41967773,-0.20533752,0.012451172
8.410568,-0.91947937,-0.0007019042999999999,-0.42288208,-0.14567566,-0.035491943
8.566193,-1.1636963,0.22434998,-0.23326111,-0.12223816,-0.17398071
9.085739,-0.6824646,-0.5202484,0.030929565,-0.10626221,-0.26452637
9.648375999999999,-0.08390808,-1.8490294999999999,0.18539429,0.009841919000000001,-0.21871948
10.562958,0.79714966,-1.9256438999999999,0.12573242,0.09187317,-0.13136292
11.549377,0.94799805,-0.7381134,0.037322997999999996,0.15258789,-0.10153198
12.145522999999999,-0.23234558,0.23153687,3.0517577999999997e-05,-0.14141846,-0.322052
13.687393,-1.7454834,0.8564148000000001,0.0074920654,-0.080703735,-0.56066895
15.377701,-3.3998718,0.41110230000000003,0.07141113,0.083343506,-0.6512146
12.911667,-1.9298401,1.21315,0.012817383,-0.09881592,-0.5255126999999999
11.185455000000001,-0.08390808,5.1827393,-0.031921387,-0.23942566,-0.24960327
10.570145,-0.51486206,3.897049,0.096969604,-0.15420532,-0.04295349
9.557404,0.4619751,3.106964,0.25782776,-0.10093689,0.124298096
10.031448,0.78279114,2.8603668,0.34091187,-0.1296997,0.28515625
10.917297,-0.24432373,2.573059,0.39097595,-0.08389282,0.3565216
11.611618,-0.65133667,2.6233367999999997,0.43572998,-0.031692505,0.34587097
10.275665,-0.5938720999999999,2.0415497,0.46981812,0.036483765,0.32243347
8.896591,-0.6106262,1.2179413000000001,0.49325562,0.118499756,0.27236938
8.341141,-0.8237152,0.7223358,0.52627563,0.19734192,0.19886779999999998
7.6827393,-0.8213196,0.58348083,0.5720824999999999,0.2601776,0.14559937
7.4888,-1.1229858,0.45419312,0.57315063,0.27616882,0.10725403
7.984405499999999,-1.4078979999999999,0.5499573,0.515625,0.20159912,0.067840576
8.480011,-1.2379149999999999,0.6289673000000001,0.43785095,0.11210632,-0.00033569336000000005
8.432129,-1.0727081,0.3751831,0.42933655,0.050323485999999994,-0.06211853
8.441696,-1.0200348,-0.15393066,0.48686218,0.011978148999999999,-0.044006348
8.436905,-0.8045654000000001,-0.55137634,0.42080688,0.019439697,0.05718994
8.740982,-0.65133667,-0.7022095,0.14491272,0.041809082000000004,0.17756653
9.10968,-0.77583313,-0.81951904,-0.11714172,0.03327942,0.18714905
9.339523,-1.0032806,-1.032608,-0.26202393,0.062042235999999994,0.15519714
10.052994,-0.6680908,-1.5545349,-0.325943,-0.041290283,0.077423096
11.264465,0.54815674,-1.8179016,-0.21195984,-0.27244568,-0.018447876000000002
12.23172,1.9439849999999999,-2.162674,-0.17573547,-0.40986633,0.16264343
12.729721000000001,2.2863464,-1.894516,-0.25456238,-0.43969727,0.6079254
12.973923,0.74209595,-0.40293884,-0.22474670000000002,-0.12651062,0.73043823
12.514236,-0.8500519,2.2666016,-0.10542297,-0.10626221,0.47583008
10.76886,-1.4845123,5.0414886,0.008560181,-0.1765747,0.17436218
10.203827,-0.56993103,4.921768,0.02772522,-0.13395691,-0.0024719238
10.663513,-0.39994812,3.24823,0.01600647,-0.07431030000000001,-0.06744385
11.142364500000001,-1.8244933999999997,3.1117554,-0.015945435,-0.057266235,-0.098342896
12.011459,-1.9178619,2.901062,-0.10437012,-0.00932312,-0.15905762
12.248474,-1.3217163,2.070282,-0.21195984,0.03967285,-0.24855042
11.4991,-0.8596344000000001,1.4837036,-0.3312683,0.06843567,-0.33695984
10.424103,-0.31135559999999995,1.2490691999999999,-0.46762085,0.026885986,-0.35507202
9.28685,0.18423462,0.73431396,-0.5315399000000001,-0.08282471,-0.24534607
7.8503264999999995,0.5314026,0.23153687,-0.5357970999999999,-0.08709717,-0.063186646
6.9237823,0.631958,0.044784545999999995,-0.46122742,-0.08921814,0.056121826
6.741821300000001,0.7947693,-0.07971191400000001,-0.37919617,-0.06365967,0.08169556
6.842376700000001,0.6175841999999999,0.28181458,-0.26628113,0.032211303999999996,0.046539307
7.3595276,0.63435364,0.20999146,-0.20130920000000002,0.071640015,0.04333496
8.10173,-0.16291809,0.0040893555,-0.19810486,0.055648804,0.056121826
8.405792,-1.4438171,-0.5322113,-0.17254639,0.13554382,-0.03656006
8.676331,-1.7622375,-0.9440155000000001,0.012817383,0.2239685,-0.2474823
8.867874,-0.9889220999999999,-1.3989258,0.27487183,0.24313354,-0.33909607
9.727386,0.67025757,-1.4587708000000001,0.43040466,0.26763916,-0.25706482
11.5972595,1.0461578,-1.0541534,0.44424438,0.13554382,-0.100479126
13.091232000000002,0.028625487999999998,-0.70939636,0.3984375,0.1302185,0.022033691
13.028992,-1.3791656,-0.3215332,0.35795593,0.046066284000000006,-0.10366821
13.522201999999998,-2.2482604999999998,-0.17308044,0.43252563,-0.026367188,-0.35932922
13.989059,-2.1357422,0.44940186,0.56781006,0.032211303999999996,-0.45733643
12.0354,-0.6968231,1.0359802,0.5145569000000001,-0.115859985,-0.32524109999999995
10.685074,0.39013672,4.416595500000001,0.36860657,-0.20959473,-0.08129883
10.048202499999999,-0.77583313,4.57222,0.30363464,-0.090286255,0.13069153
8.812805,-0.70640564,3.806076,0.27806090000000006,-0.0466156,0.24148560000000002
8.954056,0.44760132,3.1572418,0.2450409,-0.0466156,0.28195190000000003
10.436066,0.45239258,2.312088,0.23971558,0.009841919000000001,0.2691803
11.740905999999999,0.40930176,1.9481811999999998,0.2418518,0.03967285,0.24148560000000002
11.702606,0.0836792,1.5746765,0.24717712,0.021560668999999998,0.23721313
10.843079,-0.0647583,1.0000763000000001,0.27061462,0.053527832000000004,0.23188782
9.772872999999999,-0.3784027,0.69122314,0.33239746,0.07696533,0.16052246
8.384232,-0.4765625,0.5786896,0.42826843,0.15686035,0.05079651
7.3762817,-0.8404845999999999,0.35603333,0.5230713,0.31237793,-0.030166626000000002
7.1607970000000005,-1.2091827,0.35124207,0.6157531999999999,0.35179138,-0.0834198
7.235016000000001,-1.3097382,0.39672852,0.69885254,0.26657104,-0.121780396
7.5917509999999995,-1.4390258999999999,0.25068665,0.74464417,0.118499756,-0.110061646
8.135239,-1.5611267,-0.024642944,0.6977844,-0.001876831,-0.057861328
8.693085,-1.7478790000000002,-0.3502655,0.46661377,-0.08282471,0.028427123999999998
8.963638000000001,-1.9537811,-0.67826843,0.09590149,-0.12437439,0.15092468
8.381851,-1.2618561000000001,-1.1762542999999999,-0.11820984,-0.1563263,0.18289185
8.2573395,-0.5555725,-1.5186309999999998,-0.24179077,-0.066848755,0.16796875
9.495148,0.14833069,-1.9663391,-0.44844055,-0.047683715999999994,0.15199279999999998
11.34108,1.2688141000000002,-1.9519806,-0.46868896,-0.10946655,0.09234619
12.492691,2.1690369,-1.9974669999999999,-0.23432922,-0.22344970000000003,0.100860596
13.04335,1.6423035,-2.2129517000000005,-0.20343018,-0.38963318,0.39274597
13.179825,-0.5555725,-1.5114441,-0.27160645,-0.21066284,0.67077637
13.567688,-1.3432617,0.7462920999999999,-0.19598389,0.055648804,0.6121979000000001
11.999481,-0.34487915,4.6344757,-0.0042266846,0.09613037,0.29473877
9.018707000000001,0.019042969,6.229004,0.16088867,0.18135071,0.04121399
9.112076,-0.5052948,3.4230042000000003,0.22586060000000002,0.18028260000000002,-0.06958008
11.099258,-1.9130859,2.6568604,0.20349121,0.14407349,-0.11857605
13.323471,-2.3488312000000002,2.9896545,0.14170837,0.22822571,-0.16865539999999998
13.87175,-1.4940948,2.5706634999999998,0.014938354499999999,0.25805664,-0.26132202
12.437622,-1.2043915,1.5651093,-0.16401672,0.23675537,-0.3816986
11.257278,-0.7806244000000001,0.7774048000000001,-0.34191895,0.26977540000000005,-0.4477539000000001
10.266083,-0.23234558,0.42546082,-0.51982117,0.23568726,-0.4093933
8.539856,0.5720978,-0.0030975342,-0.64445496,0.06629944,-0.25920105
7.266144000000001,0.90489197,-0.5202484,-0.6891937,-0.15420532,-0.063186646
6.5526733,0.7205353,-0.24971008,-0.69877625,-0.31185913,0.042266846
6.337204,0.88334656,0.073516846,-0.7307434,-0.32783508,0.059310913
6.377899,1.1682587,0.50686646,-0.7765503,-0.30867004,0.07209778
6.3707123,0.91926575,0.70318604,-0.77441406,-0.3523407,0.003921509
6.191147,-0.05038452,0.5738983,-0.5528411999999999,-0.30014038,-0.16331482
7.100952,-0.9937134,-0.3215332,-0.19064331,-0.10093689,-0.3731842
8.434525,-0.98413086,-1.2097778000000001,0.15768433,0.07376099,-0.39022827
9.933289,-0.72076416,-1.6048278999999999,0.36541748,0.10891724,-0.16012573
12.293975999999999,0.019042969,-1.1882324,0.2919159,-0.038085938,0.011383057
14.257217,-0.49571228,-0.9105072,0.17900085,-0.026367188,-0.110061646
13.941177,-2.00885,-0.41490173,0.19390869,-0.09881592,-0.41578674
12.559723,-2.18602,0.26504517,0.36541748,-0.07537842,-0.6320343
12.365799,-2.5236053,1.0216216999999999,0.42826843,-0.14674377,-0.63842773
12.7752075,-1.8101348999999998,3.5163727,0.24717712,-0.3480835,-0.5074005
12.499878,-0.6968231,5.534683,0.106552124,-0.36192322,-0.34335327
10.371429,-0.05278015,4.368713400000001,0.07778931,-0.19894409,-0.12071228
8.642807000000001,1.3071289,2.9752807999999997,0.03944397,-0.07324219,0.07209778
10.007507,1.0030518,1.7997284,0.010681152,-0.04234314,0.14559937
12.083282,0.65589905,1.8141022,0.0415802,0.015167236,0.15412903
12.229324,0.7085724,1.3328705,0.14596558,0.083343506,0.14666748
10.76886,0.14833069,0.9042969000000001,0.2769928,0.23568726,0.14134216
9.023483,-0.48373413,0.87557983,0.39631653,0.37843323,0.1285553
7.768936,-0.6345824999999999,0.7486725000000001,0.51135254,0.41996765,0.10618591
6.969269000000001,-0.8021698,0.82051086,0.5656891,0.45300293,0.10618591
6.945327799999999,-1.4533996999999999,0.6505126999999999,0.5017699999999999,0.49880979999999997,0.13388062
7.5343018,-2.0327911,0.5379944000000001,0.37287903,0.5115814000000001,0.11897278
8.693085,-2.305725,0.6529083000000001,0.28126526,0.43275452,0.079559326
9.502335,-1.8364716,0.13575745,0.25782776,0.30918884,0.030563353999999997
9.44487,-0.7255554,-0.88656616,0.32174683,0.20159912,-0.032287598
9.198273,0.45957947,-1.5305939,0.421875,0.10784912,-0.06958008
9.20784,0.80433655,-1.621582,0.28126526,-0.001876831,0.09339905
9.147995,0.03100586,-1.3654022,-0.10862732,-0.18083191,0.26171875
9.150391,-1.7071838,-0.97514343,-0.36428833,-0.17124939,0.31498718
9.571762,-2.9713135,-0.7548828000000001,-0.38346863,-0.10093689,0.21910095
9.969208,-1.4055023000000002,-0.92007446,-0.33552550000000003,-0.30227659999999995,0.058258057
10.924484,1.0581207000000001,-1.4060974,-0.47827148,-0.48336792,0.21804810000000002
12.480713,3.552887,-1.1954193000000002,-0.6977234,-0.533432,0.63243103
14.147079000000002,4.220871,0.37278748,-0.6785431,-0.23196411,0.81352234
12.308334,1.4531708,2.532364,-0.54537964,-0.14674377,0.5653229000000001
8.671539,-1.6976012999999999,5.0726013,-0.45909120000000003,-0.18722534,0.22976685
8.499161,-2.039978,4.354355,-0.46868896,-0.12651062,0.053985596
11.736114500000001,-1.2905883999999999,3.0231779999999997,-0.48680115,0.016235351999999998,-0.030166626000000002
13.929214499999999,-1.0870819,3.1835785,-0.5283356,0.07057189999999999,-0.09727478
13.673035,-0.69921875,2.6377106,-0.6274109,0.06843567,-0.15054321
12.581268,-0.30178833,1.5914458999999999,-0.74139404,0.08868408,-0.21339417
11.621201,-0.07194519,0.9426117,-0.8266144,0.13128662,-0.31777954
10.112853999999999,-0.05757141,0.8707886,-0.8585663,0.17495728,-0.34867859999999995
8.463242,0.4045105,0.5619354,-0.8553772,0.153656,-0.228302
7.1584015,0.89772034,0.13815308,-0.7903899999999999,0.1174469,-0.024841309
6.8495482999999995,0.86180115,-0.10125732400000001,-0.7126312,0.07589722,0.11683655
6.65802,0.3973236,0.063934326,-0.63912964,0.03327942,0.15519714
6.7705535999999995,0.11480713,0.09027099599999999,-0.60183716,-0.010391235,0.15945435
6.966873,-0.16291809,0.29377747,-0.6455231,-0.080703735,0.14987183
7.335571300000001,-1.0344086,-0.034225464,-0.6306,-0.102005005,0.079559326
8.092148,-1.5323944,-0.28800964,-0.42927550000000003,-0.059387207000000004,-0.08769226
8.321991,-1.1948242,-0.47955322,-0.14804077,-0.057266235,-0.22084045
8.468033,-0.34487915,-1.5329895,0.120407104,0.13554382,-0.24320984
10.148773,0.5266113,-1.9423981,0.38885498,0.33688354,-0.20167542
12.248474,0.12678528,-1.0924683000000002,0.550766,0.35925293,-0.13775635
13.108001999999999,-1.6545105,-0.18984985,0.7648925999999999,0.18774414,-0.31459045
14.341019000000001,-2.281784,-0.015075683999999999,1.0226898000000002,-0.19468689,-0.5766449
16.287506,-2.736679,1.3663788000000001,1.1302795,-0.11265564,-0.64482117
14.151871,-3.3472137,1.244278,0.9843291999999999,-0.23942566,-0.51060486
11.269257000000001,-2.4685363999999996,5.280899,0.6626281999999999,-0.30760193,-0.23043823
9.713028,-2.695984,6.042267,0.4495697,-0.0039978027,0.024169922000000003
7.9413146999999995,-2.2937622,3.4589233,0.3387909,0.013046265,0.1285553
8.094543,0.11959839,2.415039,0.25569153,-0.13076782,0.17224121
10.170319000000001,2.31987,0.8875427,0.2184143,-0.18615723,0.18182373
12.545364,2.5880127,0.81092834,0.2184143,-0.25646973,0.17543029999999998
11.752884,1.6111908000000001,0.9785155999999999,0.23652649,-0.28842163,0.18501282
10.009903,0.45239258,1.050354,0.28659058,-0.12437439,0.21591187
8.956451,-0.328125,0.9737396,0.35263062,0.029022217000000003,0.22230529999999998
7.88385,-0.65133667,0.49011229999999995,0.43040466,0.14193726,0.16691589999999998
7.369095,-0.7925873000000001,0.07591247599999999,0.48579407,0.294281,0.08169556
7.567810000000001,-1.1780548,-0.007888794000000001,0.49963379999999996,0.36990356,-0.008865356
7.5462646,-1.3695983999999999,0.14294434,0.46981812,0.32090759999999996,-0.09513855
7.788086,-1.6640778000000003,0.1405487,0.42080688,0.20266724,-0.16438293
8.611694,-1.7071838,-0.058166504,0.38352966,0.015167236,-0.18463135
9.100098,-1.2977753,-0.45559692,0.36116028,-0.12223816,-0.11325073
8.93251,-0.9793396000000001,-0.656723,0.26101685,-0.092422485,0.06997681
8.530289,-0.7806244000000001,-0.5178528,0.009613037,0.011978148999999999,0.22337341
8.525497,-1.1206055,-0.50349426,-0.27160645,0.20904541,0.24681091
9.511902000000001,-1.5395813,-1.3175201,-0.42927550000000003,0.38482666,0.15838623
10.914916999999999,-0.44543457,-2.3613892000000005,-0.325943,0.021560668999999998,0.11897278
12.183838,1.4819031,-2.914444,-0.28971863,-0.39814758,0.36398315
13.04335,1.7835693,-2.8210754000000002,-0.47187805,-0.53982544,0.73150635
14.465515,1.493866,-0.24971008,-0.48040770000000005,-0.24261475,0.80926514
13.919632,1.4771118,3.4086304,-0.36854553,-0.17018127,0.5557251
10.361847000000001,0.6511078,6.3558959999999995,-0.28865050000000003,-0.18190002,0.18501282
8.468033,-0.28741455,5.2066803,-0.3344574,-0.11904907,-0.046142578
9.2964325,-1.1924286,2.6305237,-0.41755676,-0.05406189,-0.13562012
11.388962,-2.3727722,2.6808014,-0.5059662,0.017303467,-0.1963501
13.586838,-2.3153076,2.6305237,-0.6220856,0.09613037,-0.24320984
13.658660999999999,-1.0320129,1.7446747,-0.7350005999999999,0.09400939999999999,-0.29222107
12.250869999999999,0.028625487999999998,1.1173859,-0.81915283,0.08868408,-0.32949829999999997
10.883789,0.3757782,0.8300780999999999,-0.8564453000000002,0.12809753,-0.33163452
9.487961,0.5816803,0.2889862,-0.8330078000000002,0.11531067,-0.21871948
7.8072357000000006,0.69659424,-0.036621094,-0.77015686,0.118499756,-0.023773192999999998
6.938141000000001,0.61997986,-0.08689880000000001,-0.64019775,0.19094849,0.13282776
6.65802,0.41407776,0.19561768,-0.4559021,0.106781006,0.16796875
6.4736633,0.021438599,0.6026305999999999,-0.31422424,-0.028503418,0.11151123
6.674774,-0.41191099999999997,0.46377563,-0.27053833,-0.102005005,0.056121826
7.124892999999999,-1.0200348,0.30336,-0.29718018,-0.11265564,0.04333496
7.474441499999999,-1.3241119,0.44461059999999997,-0.27374268,-0.04234314,-0.023773192999999998
7.867096000000001,-1.2834014999999999,0.25787354,-0.12034607,-0.028503418,-0.15905762
8.559021000000001,-0.77104187,-0.50587463,0.19284058,0.04499817,-0.28157043
9.238968,0.04058838,-1.791565,0.5614319000000001,0.29107666,-0.3859558
10.819138,0.64871216,-2.0645142,0.6764679,0.2505951,-0.43815613
11.989914,0.26324463,-1.8418427,0.57847595,0.20266724,-0.30712890000000004
13.177429,-0.62260437,-0.8147278,0.5283966,-0.035964966,-0.31991577
15.700911999999999,-1.3456573,1.129364,0.47193909999999994,-0.27565002,-0.5212555
17.075195,-3.1604614,1.5220032,0.5614319000000001,-0.06365967,-0.7012786999999999
12.607605,-3.2825623,0.2052002,0.5209503,-0.1446228,-0.68637085
9.696259,-0.09828186,4.9864197,0.36755370000000004,-0.32678223,-0.4093933
9.502335,0.21536255,4.9864197,0.29405212,-0.13928223,-0.063186646
9.013916,-0.16052246,3.5498962,0.29617309999999997,-0.0072021483999999995,0.16264343
9.112076,0.5242157000000001,2.355194,0.2876587,-0.0072021483999999995,0.2542572
10.799988,0.7612456999999999,1.7877655,0.31002808,0.036483765,0.29580688
12.131165,0.6606903000000001,1.8117064999999999,0.37606812,0.011978148999999999,0.3011322
11.250092,0.41407776,1.5220032,0.46235657,0.029022217000000003,0.27876282
9.83992,-0.56274414,1.050354,0.5443878000000001,0.15686035,0.26597595
8.599716,-0.5890808000000001,0.5882721,0.5987091,0.26124573,0.25532532
7.4696503,-0.41191099999999997,0.5092621,0.6434479000000001,0.34327698,0.22230529999999998
7.2996674,-0.54359436,0.41110230000000003,0.65730286,0.40931702,0.17224121
7.567810000000001,-1.3767853,0.3249054,0.5848541,0.35606384,0.12643433
8.274109,-1.779007,0.3536377,0.46342468,0.26338196,0.079559326
9.061798,-1.4294434,0.26026917,0.38885498,0.22822571,0.030563353999999997
9.351500999999999,-0.89793396,-0.103652954,0.38139343,0.18135071,-0.006729125999999999
9.016312,-0.11503601,-0.72135925,0.37927246,0.1174469,-0.034423828
8.944489,0.29437256,-1.2983704,0.34304809999999997,0.095062256,0.020965576
9.011519999999999,0.24169922,-1.3558197,0.08418274,0.11105347,0.17329407
8.808014,-0.35684204,-1.3103333000000001,-0.2609558,0.015167236,0.2542572
9.112076,-1.4581757,-1.1355591,-0.40156555,0.1302185,0.19993591
9.792023,-1.7430878,-1.0709076000000002,-0.4047699,-0.024246216,0.051864624000000005
10.843079,-0.15093994,-1.147522,-0.40263367,-0.37684629999999997,0.05505371
12.088074,1.8290558000000001,-1.1283722,-0.5283356,-0.53770447,0.39274597
13.574875,3.5480957,-0.69981384,-0.5027771,-0.36192322,0.7432251
14.029770000000001,2.774765,1.1269684,-0.38346863,-0.035964966,0.7847595
11.628387,-0.024047852,4.014374,-0.24711609,0.0077209473,0.47583008
9.825546000000001,-1.6018371999999999,5.7549589999999995,-0.16294861,0.11956787,0.12110901
9.856674,-0.5866852,3.7940980000000004,-0.16401672,0.22822571,-0.028030396000000003
10.35466,-1.4940948,2.5778502999999997,-0.17680359,0.2548523,-0.074905396
12.37059,-3.284958,2.7669982999999996,-0.17999268,0.26870728,-0.12710571
13.771194,-2.585846,2.5946045,-0.22793579,0.247406,-0.19953918
12.56691,-0.7135773,1.881134,-0.28652954,0.1685791,-0.2709198
11.058563000000001,-0.15573120000000001,1.4669341999999999,-0.39305115,0.16751099,-0.26985168
10.009903,-0.4406433,1.1437225,-0.46762085,0.106781006,-0.20274353
8.288467,-0.10066223,0.55474854,-0.48252870000000003,0.021560668999999998,-0.045074462999999995
6.8639220000000005,0.14353943,0.27462770000000003,-0.5027771,-0.06365967,0.12110901
6.2510069999999995,0.3973236,0.044784545999999995,-0.4644165,-0.1765747,0.19567871
6.2964934999999995,0.23213196,0.42306520000000003,-0.39837646,-0.24475098,0.13708496
6.7082977,0.6535034000000001,0.79896545,-0.38665770000000005,-0.22344970000000003,0.030563353999999997
7.1033479999999996,0.88334656,0.42785645,-0.40156555,-0.21917725,0.006057739300000001
7.4864197,0.03579712,-0.06295776,-0.36747742,-0.21812439,0.003921509
7.8072357000000006,-1.1373596000000001,-0.45321655,-0.18426514,-0.11479187,-0.16119385
8.448883,-1.6161957,-1.3941344999999998,0.13638306,-0.010391235,-0.36572266
9.114471,-0.5938720999999999,-1.6790466,0.40483093,0.018371582,-0.42218018
10.677887,0.87615967,-0.92007446,0.45703125,0.013046265,-0.26559448
12.96434,0.28001404,-0.4125061,0.31002808,0.034347534,0.009246826
14.218903,-1.395935,0.32730103,0.15663147,-0.1797638,-0.049331665
15.246017000000002,-2.7127380000000003,1.2490691999999999,0.07992554,-0.22131348,-0.43603516
15.253204,-3.6752167,0.68403625,0.122543335,0.08868408,-0.71299744
11.187851,-1.4677582,-0.07971191400000001,0.09378052,-0.029571532999999997,-0.66612244
9.871033,1.196991,3.782135,0.026657103999999997,-0.20533752,-0.39022827
11.130386,0.49548339999999996,4.3064575,0.063949585,-0.15206909,-0.12710571
10.850265499999999,-0.17489624,3.537918,0.13105774,-0.13609314,0.05505371
9.5933075,0.011856078999999999,3.1261292000000003,0.17367554,-0.16059875,0.18928528
9.85907,-0.14137268,2.573059,0.23332214,-0.13290405,0.2542572
10.732956,-0.13179016,2.4820862,0.2876587,-0.033828735,0.26385498
10.246933,-0.4765625,1.9002838,0.34944153,0.009841919000000001,0.23721313
9.727386,-0.46697998,1.1604767,0.41868590000000006,0.10784912,0.18928528
8.980392,-0.79737854,0.8085326999999999,0.50923157,0.25379944,0.14880371
7.962860000000001,-0.7734375,0.40151978,0.5891266,0.3997345,0.112579346
7.330795299999999,-1.4988861,0.25308228,0.63279724,0.48176575,0.06890869
7.828780999999999,-1.8867493000000002,0.22914124,0.6082916,0.42742920000000006,-0.0014038085999999999
8.491974,-1.7909698,0.3129425,0.53692627,0.29960632,-0.06637573
8.779282,-1.6640778000000003,0.13098145,0.48258972,0.18455505,-0.08769226
8.827164,-1.3767853,-0.14196777,0.46235657,0.13768005,-0.077041626
8.863083,-0.97694397,-0.637558,0.42720032,0.13661194,-0.041885376
8.745758,-0.62739563,-1.1092224,0.23120117,0.11956787,0.05079651
8.563797000000001,-0.19883728,-1.3677979,3.0517577999999997e-05,-0.0029296875,0.10406494
8.791260000000001,-0.48135376,-1.3773651000000002,-0.103302,0.0045166016,0.12110901
9.689072,-0.9721527,-1.1427459999999998,-0.18852234,0.07376099,0.08807373
11.048981,-0.1844635,-0.8650055,-0.14271545,-0.102005005,-0.014190673999999999
11.839066,1.5273895,-1.1164093000000002,-0.014877318999999998,-0.32997129999999997,0.015640259
12.815903,2.4635162,-1.4037018,-0.13632202,-0.42904663,0.47477722
13.737670999999999,1.0437622,-0.90571594,-0.24284363,-0.18722534,0.7783661000000001
13.888504000000001,-0.9386443999999999,1.9338074,-0.17787170000000002,-0.015716553,0.67077637
11.410507,-1.3695983999999999,4.837982,-0.07028198,-0.060455322,0.36611938
9.080948,-0.59147644,5.422165000000001,-0.048965454000000005,-0.028503418,0.12004089
9.691467,-0.25151062,3.4373627,-0.0798645,0.029022217000000003,0.01777649
10.785629,-1.0176544,2.9273987,-0.14378357,0.057785034000000006,-0.02696228
12.3993225,-1.5347899999999999,3.09021,-0.21621704,0.14300537,-0.08129883
12.571701,-1.316925,2.501236,-0.31422424,0.2239685,-0.17398071
11.554169,-0.89553833,1.6920012999999998,-0.45483398,0.21224976,-0.31352234
10.658737,-0.45501709999999995,1.2993469,-0.5869293000000001,0.18988037,-0.4093933
9.79921,-0.009689330999999999,1.050354,-0.74565125,0.14619446,-0.37104797
8.283676,0.55055237,0.56433105,-0.8127594,0.06311035,-0.1771698
7.108124,0.9360199,0.011260986,-0.77441406,0.053527832000000004,0.028427123999999998
6.488037,0.7947693,0.073516846,-0.68600464,0.057785034000000006,0.112579346
6.674774,0.9671478000000001,-0.12042236,-0.5773468,0.024765015,0.061447144
7.1105194,1.0605163999999998,0.1477356,-0.5304718,-0.07217407,0.0071258545
7.9652557,0.38536072,0.22195435,-0.56030273,-0.21385193,0.020965576
8.247772,-0.8811798000000001,0.011260986,-0.46229553,-0.21279907,-0.03656006
8.3172,-1.9657593,0.1405487,-0.07133484,0.013046265,-0.26985168
8.154388,-1.7766113000000001,-0.055770874000000005,0.37713623,0.06417847,-0.39767456
8.472824000000001,-0.09588623,-0.9799346999999999,0.58592224,0.09826660000000001,-0.35293579999999997
10.263687,0.72532654,-1.0302124,0.5102997,0.28788757,-0.18035889
13.167847,-0.5483856,-0.098861694,0.46981812,0.23143005,-0.072769165
13.840622,-2.020813,1.050354,0.25675964,-0.10839844,-0.18356323
15.023360999999998,-3.1269379,0.84924316,0.009613037,-0.08177185,-0.36997986
15.15744,-3.6464844,-0.27365112,-0.047912598,-0.038085938,-0.530838
12.358611999999999,-0.14855957,2.6496735,-0.12886047,-0.17018127,-0.54148865
12.17186,1.6375275,5.086975,-0.26841736,-0.30014038,-0.4232483
10.924484,-0.40234375,3.4182129999999997,-0.29824829999999997,-0.22770691,-0.26239014
9.222214,0.47872925,3.3224487000000003,-0.23326111,-0.18936157,-0.12284851
9.224609,1.6638641,2.5993958,-0.18638611,-0.22557068,0.01777649
9.983566,1.0605163999999998,1.8787383999999998,-0.12034607,-0.21705627,0.1285553
10.443253,0.5457611,1.5435486,-0.015945435,-0.17231749999999998,0.16371155
9.581344999999999,-0.75668335,1.541153,0.096969604,-0.07217407,0.19993591
8.353119,-1.2451018999999999,1.1245728000000002,0.23013306,-0.0029296875,0.24681091
7.572601299999999,-1.0176544,0.73191833,0.36967468,0.032211303999999996,0.23509216
7.230239999999999,-1.316925,0.8707886,0.48686218,0.06843567,0.19993591
7.1871339999999995,-1.2738341999999998,0.90908813,0.517746,0.15153503,0.20739746
7.440917999999999,-1.7143555,0.9928894,0.46981812,0.22929382,0.20739746
8.348328,-2.1979827999999997,1.1557007,0.41336059999999997,0.24313354,0.1477356
9.164749,-2.1764374,0.77500916,0.41654968,0.19306946,0.023101807000000002
9.519089,-1.4557799999999999,-0.33828735,0.5230713,0.10252380000000001,-0.06211853
9.808792,-0.328125,-1.2409058000000002,0.55397034,0.026885986,-0.010986328
10.239746,0.06452942,-1.4348296999999999,0.31321716,0.0002593994,0.11790466
10.304382,-0.49092102,-1.1690826,-0.011688232,-0.12011719,0.11683655
9.724991000000001,-0.89793396,-0.8123474,-0.09265137,-0.12757874,0.061447144
9.6723175,-1.0439911,-1.2576599,-0.08093262,-0.10307312,0.020965576
10.634796000000001,-0.73513794,-2.2201232999999996,-0.053237915,-0.31611633,0.110458374
11.795975,0.7995453,-1.8993073,-0.14910889,-0.5579376,0.5269623000000001
12.143142999999998,2.9184265,-1.1283722,-0.1586914,-0.48657227,0.8294983
12.574097,1.8266601999999998,0.52601624,-0.041519165,-0.28948975,0.7251129
11.537399,-0.6537323,4.016769399999999,0.12147522,-0.25860596,0.40126038
9.744141,-0.8452606,6.537857,0.20881653,-0.12330627400000001,0.10939026
10.108063000000001,0.22973633,4.457290599999999,0.15982056,0.01411438,-0.041885376
10.634796000000001,-1.5084534,2.6017914,0.06713867,0.071640015,-0.1260376
11.942017,-2.9904632999999996,2.5108185,-0.039382935,0.032211303999999996,-0.18569946
13.129547,-1.9585723999999998,2.0846405,-0.19810486,0.12382507,-0.24960327
12.593246,-0.49810790000000005,1.0072478999999999,-0.35682678,0.18135071,-0.33695984
11.24292,0.17466736,0.49249268,-0.5112915,0.23994446,-0.43389893
10.00032,0.10762024,0.7103729,-0.677475,0.21757507,-0.47863770000000005
9.059402,0.6798401,0.31054688,-0.7435303000000001,0.09400939999999999,-0.36785890000000004
7.972442599999999,1.1155853,-0.12042236,-0.63912964,-0.013595581,-0.17930603
7.4935913,0.8306732,-0.16351318,-0.5038452,-0.061523438,-0.063186646
7.108124,1.0341797,-0.37420654,-0.36642456,-0.017852783,-0.046142578
7.0315094,1.2927551000000002,-0.1563263,-0.279068,0.052459717,-0.051467896
7.5893707,0.05256653,0.67684937,-0.31634520000000005,0.015167236,0.0071258545
8.029892,-0.5962677,-0.005493164,-0.4090271,-0.07963562,0.061447144
8.374664,-1.4629669,-0.54418945,-0.34724426,-0.051940917999999996,-0.007797241
8.661972,-1.7742156999999998,-0.8745879999999999,-0.036193848,0.08973694,-0.1537323
8.470428,-0.36402893,-1.329483,0.2876587,0.17602539,-0.23043823
9.0833435,0.8091278000000001,-1.6072083000000001,0.4410553,0.17176819,-0.21446228
11.329102,1.323883,-1.5521545,0.37606812,0.07269287,-0.12922668
13.325867,0.5720978,-0.9655761999999999,0.28552246,0.07696533,-0.2048645
13.424026500000002,-1.055954,-0.30236816,0.30575562,-0.09881592,-0.5489501999999999
13.696976000000001,-2.1141967999999998,0.22674560000000002,0.34091187,-0.017852783,-0.7577362
12.799149,-2.5834502999999995,0.38476562,0.2450409,-0.028503418,-0.720459
11.470367,-1.2139739999999999,3.3200529999999997,0.02772522,-0.12437439,-0.49461365
11.5733185,-0.05517578,6.288864,-0.06600952,0.029022217000000003,-0.18782043
10.426497999999999,-0.328125,4.620101999999999,0.022399902000000003,0.18135071,-0.012054443
9.32756,1.1323395,3.0518951000000003,0.10975647,0.118499756,0.10832214
10.450439,1.9727172999999998,2.1109772,0.18112183,0.0471344,0.24360657
11.819916000000001,1.627945,2.1780242999999997,0.26208496,0.09187317,0.3714447
12.21257,0.18663025,2.331253,0.35050964,0.12170410000000002,0.43322754
10.562958,-0.62739563,1.5555267,0.46342468,0.036483765,0.40446472
8.843933,-0.83569336,0.86120605,0.5614319000000001,0.06097412,0.36079407
7.6803436000000005,-1.4557799999999999,0.74150085,0.62854004,0.18667603,0.3245697
6.729842999999999,-1.0583496000000001,0.48292542,0.6253357,0.28149414,0.28089905
6.5646515,-1.7837982,0.6600951999999999,0.5529022,0.38269043,0.22230529999999998
7.361908000000001,-1.5108489999999999,0.76065063,0.44212340000000006,0.4039917,0.14987183
8.070602000000001,-1.0056763000000002,0.5044708,0.38352966,0.29533386,0.067840576
8.884628,-0.75668335,-0.08689880000000001,0.37713623,0.14300537,0.024169922000000003
9.830338000000001,-0.35684204,-0.795578,0.28019714,0.14086914,0.046539307
9.938080000000001,0.04537964,-1.3869476,0.054367065,0.1685791,0.14134216
9.531067,0.14114379999999999,-1.3582153000000001,-0.34298706,0.06629944,0.32989502
8.903777999999999,-0.2634735,-1.2648468000000002,-0.82554626,0.006652831999999999,0.47157288
9.320374000000001,-1.2211608999999999,-1.4132843000000002,-1.0375366,0.06736755,0.45133972
10.582123,-1.0679321000000002,-1.6910095,-1.0833435,0.013046265,0.27876282
10.855057,1.2520599,-1.7029877,-1.1792145,-0.30014038,0.16477966
11.831894,2.5401306,-1.0709076000000002,-0.9800110000000001,-0.533432,0.27662659999999994
14.477478,4.043701,0.3129425,-0.72328186,-0.31399536,0.4076538
14.594803,3.6630095999999996,1.5004578000000002,-0.548584,-0.14994812,0.37570190000000003
11.8103485,-1.9992676,4.0407104,-0.32913208,-0.15739441,0.20419312
10.625214,-2.9186401,6.1954956,-0.185318,-0.09454346,0.014572143999999999
9.320374000000001,-2.2961577999999996,4.4213867,-0.12034607,-0.011459351000000001,-0.09301758
9.298828,-3.2921447999999995,2.9920502,-0.031921387,-0.00932312,-0.12817383
10.936461999999999,-2.6385193,2.9130402,0.010681152,-0.017852783,-0.16119385
12.121582,-1.4102936000000001,2.6975555,-0.022338867000000002,-0.001876831,-0.181427
11.805557,-0.5675354,2.0439453000000003,-0.12780762,-0.010391235,-0.2240448
10.292419,-0.6728821,1.9338074,-0.22579956,-0.051940917999999996,-0.21446228
8.944489,-0.61302185,1.5770721,-0.19171143,-0.20213318,-0.1494751
7.5031740000000005,-0.11982727,0.77500916,-0.103302,-0.11265564,-0.045074462999999995
6.875885,0.39492798,0.2889862,-0.052169799999999995,-0.012527466000000001,0.024169922000000003
6.8136444,1.4411926000000002,0.104644775,-0.01701355,-0.018920898000000002,0.06997681
7.4265593999999995,0.5122528000000001,1.0934448,-0.02659607,-0.001876831,0.063583374
8.302841,0.29437256,0.7965698,-0.1309967,0.08441162,0.05079651
8.202286,-0.21798706,0.0064697266000000005,-0.34298706,0.0034637451,0.08062744
7.879059,-0.9817351999999999,-0.31913757,-0.5081024000000001,-0.078567505,0.040145874
8.159180000000001,-1.4510040000000002,-0.44363403,-0.44204712,-0.09454346,-0.17610168
9.0833435,-0.54359436,-0.6686859,-0.12567139,-0.11265564,-0.40194702
9.552612,1.754837,-1.2049866000000002,0.30575562,0.06736755,-0.46159363
10.529449000000001,3.1769867,-1.7652283,0.50709534,0.22290039,-0.35507202
11.819916000000001,1.4795074,-2.4667357999999995,0.43998718,0.20372010000000002,-0.19421387
12.8350525,-1.2019958,-1.6167908000000002,0.43998718,0.021560668999999998,-0.21658325
14.532547000000001,-1.7454834,0.7486725000000001,0.5283966,-0.21492004,-0.48822020000000005
16.151031,-3.2035522000000003,2.0798492,0.6455841,-0.09774780000000001,-0.6927643
12.969130999999999,-4.391083,0.46377563,0.5742035,-0.22344970000000003,-0.63630676
9.085739,-1.3815613000000002,4.550674400000001,0.40376282,-0.324646,-0.35293579999999997
9.18869,-0.2419281,5.8315735,0.34837340000000006,-0.028503418,-0.009918213
9.794417999999999,-0.25628662,4.007187,0.39736938,0.15153503,0.22869873
9.614853,-0.11264038,2.7574158,0.43891907,0.10784912,0.32350159999999994
10.855057,0.18185425,1.9457855,0.49963379999999996,0.04499817,0.33628845
12.34903,0.54815674,2.0200043,0.5742035,0.019439697,0.34375
11.463181,0.43803406,1.8428345000000002,0.6168213,0.04499817,0.33842468
9.918915,-0.42388916,1.29216,0.6274719,0.14939879999999997,0.32670593
8.894211,-0.77822876,0.9210663,0.65623474,0.23568726,0.28941345
7.776108,-0.6465454,0.52601624,0.70310974,0.28042603,0.23295593
7.2996674,-0.9721527,0.3177185,0.6956482,0.28468323,0.16159058
7.7306213,-1.3480530000000002,0.39193726,0.60935974,0.24526978,0.087020874
8.389023,-1.1852417,0.5236206,0.51135254,0.22608948,0.011383057
8.410568,-0.91230774,0.45658875,0.44212340000000006,0.18667603,-0.06637573
8.154388,-0.62260437,0.15492249,0.47726440000000003,0.10998535,-0.12922668
8.369873,-0.25151062,-0.43644714,0.53479004,0.05671692,-0.13243103
9.042648,-0.11743164,-0.8626251,0.45596313,-0.010391235,-0.03656006
9.648375999999999,-0.5819092,-1.0756989,0.16728210000000002,-0.12011719,0.10406494
9.636414,-1.1756592,-1.1379546999999999,-0.11502075,-0.17337036,0.15838623
9.677109,-1.4725494,-1.1882324,-0.325943,-0.08282471,0.12750244
10.143982000000001,-0.96258545,-1.2720337,-0.41967773,-0.18403625,0.028427123999999998
10.850265499999999,0.23213196,-1.5713043,-0.41009520000000005,-0.2266388,0.044403076
11.5972595,1.620758,-1.9902802,-0.5123595999999999,-0.3992157,0.38209534
12.542969,2.0612946,-1.6048278999999999,-0.5166168,-0.33103943,0.728302
13.0242,1.0653076000000001,-0.048583984000000004,-0.3770752,-0.06578064,0.7144623000000001
11.891739,-0.39994812,3.1811828999999996,-0.14804077,-0.06578064,0.378891
10.163132000000001,-0.88597107,6.102112,0.017074585,0.006652831999999999,0.03375244
10.1822815,0.8665924,4.684753400000001,0.09271239999999999,0.09187317,-0.10153198
11.0849,-0.11503601,3.454132,0.14384460000000002,0.14726257,-0.07064819
12.121582,-2.561905,3.4972230000000004,0.14916992,0.200531,-0.053604125999999995
12.847031,-3.2250977,2.8340302000000004,0.06927489999999999,0.3059845,-0.11325073
12.025818,-2.0327911,1.8524017,-0.08305359,0.33474729999999997,-0.23788452
10.6922455,-0.8021698,1.3807526,-0.27160645,0.2793579,-0.3263092
9.789642,-0.46458435,1.0479584000000002,-0.43032837,0.18135071,-0.31459045
8.594925,-0.0025024414000000004,0.3177185,-0.5027771,0.07057189999999999,-0.16545105
7.4074097000000005,0.5816803,-0.16830444,-0.49531555,-0.022109985,0.027359009
6.8136444,0.9767151,-0.37420654,-0.42500305,-0.061523438,0.11364746
6.7657623,0.7875824,0.030426025,-0.37068176,-0.04447937,0.06997681
6.8663177,0.687027,0.40870667,-0.39944458,-0.037017822,-0.0024719238
7.0985565,0.7444916,0.1405487,-0.48040770000000005,-0.14035034,-0.057861328
7.728225699999999,-0.16770935,-0.024642944,-0.43566895,-0.26605225,-0.16545105
8.386627,-1.0703278,-0.32632446,-0.185318,-0.16059875,-0.33589172
8.922928,-0.84765625,-1.0350037,0.052230835,0.050323485999999994,-0.3454895
9.607681,-0.01927185,-1.3103333000000001,0.16835022,0.18562317,-0.24215698
11.020247999999999,0.8354645,-1.1882324,0.15342712,0.009841919000000001,-0.11325073
13.373748999999998,0.4619751,-0.8650055,0.050094604,-0.06472778,0.026290894
14.156661999999999,-0.91230774,-0.66389465,0.0074920654,-0.080703735,-0.19528198
14.123138,-2.0543365000000002,-0.17070007,0.15235901,-0.1765747,-0.68743896
13.617966000000001,-2.3344574000000002,0.68403625,0.2652893,-0.11158752400000001,-0.83976746
10.977158,-1.3288878999999998,1.13414,0.13212585,-0.22344970000000003,-0.63949585
10.658737,-0.4262848,5.039093,-0.095840454,-0.19894409,-0.28157043
12.143142999999998,-1.3672028,6.020706,-0.185318,0.0045166016,-0.005661010699999999
10.359451,-1.3001709,3.6767883,-0.14378357,0.052459717,0.087020874
8.762527,0.30395508,2.4509583,-0.08944702,-0.008255005,0.14241028
9.705841,1.730896,1.8859253,-0.0287323,0.03967285,0.22337341
10.914916999999999,1.4699249,1.8188933999999997,0.026657103999999997,0.11210632,0.28622437
11.010681,-0.17727661,1.7183380000000001,0.106552124,0.055648804,0.2926178
9.844696,-0.82611084,1.347229,0.17900085,0.051391599999999996,0.22444153
8.403397,-1.2331238000000002,0.95936584,0.25675964,0.14300537,0.14027405
7.079391499999999,-1.0894774999999999,0.4948883,0.33451843,0.24952698,0.067840576
6.483246,-1.4629669,0.43983459999999996,0.38565063,0.30386353,0.03907776
7.2182617,-1.6090088,0.6529083000000001,0.35795593,0.24847412,-0.008865356
8.204680999999999,-1.2379149999999999,0.916275,0.31747437,0.10252380000000001,-0.08981323
9.061798,-1.1373596000000001,0.60502625,0.41122437,-0.011459351000000001,-0.14627075
9.222214,-0.77583313,-0.082107544,0.550766,0.021560668999999998,-0.13136292
9.028275,-0.2993927,-0.6950225999999999,0.5422516,0.08441162,-0.00033569336000000005
9.112076,-0.3209381,-0.88656616,0.30363464,0.011978148999999999,0.19140625
9.34671,-1.0032806,-0.8793793,-0.018081665,-0.07005310000000001,0.28622437
9.92131,-1.7287292,-1.0924683000000002,-0.27481079999999997,-0.06259155,0.28727722
10.519867,-1.5180358999999999,-1.5018768,-0.3578949,-0.08602905,0.1796875
11.037018,-0.11024475,-1.6479186999999997,-0.40690613,-0.104141235,0.14241028
11.843857,1.4747162,-1.7221375,-0.5112915,-0.4269104,0.3948822
13.189407000000001,2.2839508,-1.0709076000000002,-0.5102234,-0.30653379999999997,0.6579895
13.972304999999999,2.7005463,0.3177185,-0.47294617,-0.060455322,0.60899353
12.114410000000001,0.46914673,3.4014587,-0.35577393,-0.09561157,0.29580688
10.309174,-1.2403107,5.9560699999999995,-0.22579956,-0.013595581,0.012451172
10.328323,0.32070923,4.490814,-0.1309967,0.10572815,-0.09194946
10.503113,-0.52204895,2.9920502,-0.041519165,0.19413757,-0.121780396
11.649933,-2.336853,2.8579712,-0.015945435,0.26124573,-0.16119385
12.58606,-2.0543365000000002,2.6544647,-0.08093262,0.33155823,-0.19421387
12.143142999999998,-0.85484314,2.10141,-0.20875549999999998,0.27296448,-0.21871948
11.183060000000001,-0.38557434,1.723114,-0.3578949,0.21118164,-0.24002075
9.945250999999999,-0.11024475,1.2346953999999999,-0.51875305,0.19520569,-0.24002075
8.252563,0.18423462,0.5332031,-0.5357970999999999,0.11424255,-0.16331482
6.744217,0.47872925,0.06872558599999999,-0.46655273,0.038604736,-0.032287598
6.562256,0.22015381,0.066329956,-0.41435242,0.031158447000000002,0.075302124
6.832794,0.7397003000000001,-0.103652954,-0.33978270000000005,0.0023956299,0.09553528
6.6604156,0.82110596,0.19561768,-0.36109924,-0.023178099999999997,0.051864624000000005
6.744217,0.07171631,0.27462770000000003,-0.43460083,-0.07324219,0.049728394
7.4121857,-0.0048980713,-0.5896759,-0.4005127,-0.2554016,0.042266846
8.295653999999999,-0.5890808000000001,-0.29998779999999997,-0.15550232,-0.4077301,-0.16119385
9.033066,-0.79977417,-0.50587463,0.17367554,-0.41305542,-0.38383484
9.210236,0.5385895,-0.7309418000000001,0.39204407,-0.2511444,-0.39555359999999995
9.303619,1.6016083,-0.12998962,0.4495697,0.05671692,-0.25706482
10.653946000000001,0.5385895,0.0016937256,0.34197998,0.104660034,-0.045074462999999995
12.854218,-0.87638855,0.023239136,0.22373962,0.03327942,-0.1026001
14.372131,-1.6209869,-0.32870483,0.11508179,-0.19255066,-0.48503113
15.870910999999998,-1.9465941999999998,-0.26885986,0.23971558,-0.11479187,-0.70980835
13.677826000000001,-0.60824585,0.12858582,0.37820435,-0.18296814,-0.63949585
11.714569000000001,0.87615967,4.0814056,0.29405212,-0.18936157,-0.36572266
12.437622,-0.34487915,6.0063477,0.17047119,-0.019973755,-0.06637573
10.59169,-1.9298401,4.4357452,0.14170837,0.095062256,0.12004089
8.638031,-0.8045654000000001,3.3056946000000003,0.11721802,0.13235474,0.23614502
9.583739999999999,0.07890319999999999,2.0128174,0.13319397,0.062042235999999994,0.29899597
11.360229499999999,0.76364136,1.8117064999999999,0.18751526,0.08229065,0.30752563
11.793579,0.3685913,1.778183,0.27912903,0.095062256,0.30433655
10.213409,0.11959839,1.1269684,0.34944153,0.048202515,0.27130127
8.348328,-0.5819092,0.94021606,0.43252563,0.07376099,0.21484375
7.555847,-1.0463715,0.80374146,0.5411835,0.16218567,0.13282776
6.7561800000000005,-0.7231598000000001,0.55714417,0.6168213,0.26124573,0.063583374
6.602950999999999,-1.6090088,0.38237,0.6434479000000001,0.24847412,0.010314941
7.290085,-1.6233826,0.5715026999999999,0.5987091,0.1259613,-0.04081726
8.242981,-1.4916992,0.66967773,0.58699036,-0.022109985,-0.063186646
9.186295,-1.292984,0.2387085,0.6264038000000001,-0.10626221,-0.061050415
9.432891999999999,-0.68006897,-0.19224548,0.5667572,-0.08709717,-0.00033569336000000005
9.037857,-0.07432556,-0.6184082,0.26741028,-0.03276062,0.15519714
8.626053,-0.0647583,-0.9512023999999999,-0.11714172,0.0023956299,0.26704407
8.831955,-0.88357544,-1.4060974,-0.40263367,0.055648804,0.31391907
9.880614999999999,-1.3887482,-2.1243591,-0.49745178,0.041809082000000004,0.24253845
11.338683999999999,-0.3616333,-2.3661804,-0.41116333,-0.08177185,0.05718994
12.559723,1.3095093,-2.1100006000000002,-0.32806396,-0.3438263,0.098739624
13.28038,2.4084472999999997,-1.6838226000000003,-0.45909120000000003,-0.49189758,0.5461425999999999
13.771194,2.4659119,-0.4125061,-0.5059662,-0.16699219,0.85720825
12.930832,0.87138367,2.4342040000000003,-0.45271300000000003,-0.06365967,0.5972748000000001
10.294815,-1.292984,5.675949,-0.33872986,-0.10519409,0.10406494
9.174332000000001,-1.0870819,5.7142487,-0.2875824,-0.035964966,-0.17077637
10.27327,-0.40711975,3.4469452000000005,-0.27267456,0.055648804,-0.23150635
11.83429,-2.6672516,2.9776764,-0.28652954,0.09826660000000001,-0.23043823
12.894913,-3.083847,2.9848632999999998,-0.35682678,0.11210632,-0.18035889
12.238907000000001,-1.1397552,2.3336487,-0.49317932,0.024765015,-0.16012573
11.288406,0.42845154,1.6129913,-0.6689606,0.0002593994,-0.17610168
10.491135,0.7492675999999999,1.158081,-0.79571533,0.026885986,-0.19741821
9.24855,0.3183136,0.7438965,-0.7584380999999999,0.034347534,-0.1579895
7.785690299999999,0.56970215,0.20040894,-0.70944214,0.0471344,-0.05467224
7.431350699999999,1.1083983999999998,-0.32632446,-0.59225464,-0.11158752400000001,0.044403076
7.4505005,1.5872498,-0.43644714,-0.4601593,-0.36192322,0.003921509
7.5103607000000006,0.6247710999999999,0.43025208,-0.38026428,-0.44181824,-0.13029480000000002
7.555847,0.06692505,0.3751831,-0.45376587,-0.32145690000000005,-0.17610168
7.321213,0.20817566,0.59306335,-0.62420654,-0.16378784,-0.13668823
7.07222,-0.9314575,0.6960144,-0.69451904,0.034347534,-0.16012573
7.5965424,-1.1206055,-0.42687988,-0.5773468,0.09826660000000001,-0.26559448
8.444092,-0.35446167,-1.6646729,-0.33872986,0.016235351999999998,-0.2943573
9.485565,0.5625305,-1.8418427,-0.0031585693,0.11956787,-0.23362732
10.869415,1.3382416000000001,-1.6551056,0.27487183,0.21224976,-0.23895264
11.707397,1.6446991000000002,-1.6359406,0.30682373,0.10784912,-0.21125793
11.772034,-0.007293701,-1.8226929,0.28552246,-0.09986877400000001,-0.20274353
12.973923,-1.1948242,-0.16111755,0.35369873,-0.41519165,-0.31459045
15.27475,-2.554718,2.4270172000000003,0.47193909999999994,-0.33850098,-0.43708800000000003
14.716904000000001,-3.7709808,1.9002838,0.48258972,-0.35554504,-0.41578674
11.053772,-2.1453247,3.6887665000000003,0.42294312,-0.47164917,-0.22511292
9.164749,-0.5172577,4.2035065000000005,0.45277405,-0.41412354,-0.018447876000000002
9.317978,0.45239258,2.8076935,0.54011536,-0.27990723,0.10725403
9.576553,1.5393523999999998,1.9385986000000002,0.5720824999999999,-0.19255066,0.23614502
10.1822815,1.3430328,1.4190521,0.5475769,-0.047683715999999994,0.33415222
11.233336999999999,0.03100586,1.4837036,0.5241394,0.046066284000000006,0.36717224
11.094482000000001,-1.0703278,1.0168304,0.5337219,0.1259613,0.35546875
9.660355000000001,-1.1134186000000001,0.24110413,0.55610657,0.33369446,0.32882690000000003
8.815201,-1.0200348,-0.2640686,0.6189574999999999,0.4785614,0.28727722
8.010742,-0.2634735,-0.35983276,0.6828613,0.5350189000000001,0.23614502
7.8958282,-0.44783019999999996,-0.022247314,0.6594238,0.5392914000000001,0.21272278
8.748154,-1.0320129,0.29856873,0.5518341,0.53182983,0.18395996
9.420929,-1.4486084,0.77500916,0.45382690000000003,0.5211792000000001,0.14880371
9.432891999999999,-1.3145294,0.48292542,0.41122437,0.44235230000000003,0.12110901
8.7864685,-0.9865265,-0.42448425,0.42826843,0.31770325,0.07849121
8.863083,-0.43824768,-1.1738586000000002,0.45596313,0.17922974,0.06997681
9.385010000000001,0.18185425,-1.2720337,0.39950562,0.07057189999999999,0.15731812
9.595703,0.22254944,-1.1211853,0.10975647,0.046066284000000006,0.26065063
9.655563,-0.6393585,-1.2193604,-0.20875549999999998,0.051391599999999996,0.24681091
9.5933075,-1.4605713,-1.5305939,-0.3312683,0.20478821,0.10725403
9.890198,-1.0990448,-2.0908508,-0.30889893,-0.07643127400000001,0.024169922000000003
10.960403,0.19142151,-2.7085418999999997,-0.3078308,-0.35766602,0.10192871
11.865402,1.3143004999999999,-2.155487,-0.41542053,-0.45993042,0.39593506
13.400085,2.2624054,0.26264954,-0.32487488,-0.25221252,0.5972748000000001
13.886107999999998,2.1905822999999995,2.9800720000000003,-0.16827393,-0.12544249999999998,0.5152588
10.802383,0.1986084,4.347168,-0.014877318999999998,-0.1797638,0.24681091
8.147217,-1.565918,4.761368,0.03944397,-0.1563263,0.02949524
9.777664,-1.7718201,3.1955566,-0.023406982000000003,-0.030639648,-0.08981323
11.91568,-2.1884155,2.8076935,-0.076660156,0.11531067,-0.1494751
12.966736000000001,-2.1022186,2.7310790000000003,-0.12246704,0.17283629999999997,-0.2240448
12.3993225,-1.1469421,2.0200043,-0.17893982,0.21864319,-0.27836609999999995
11.784011999999999,-0.20600891,1.026413,-0.30569458,0.23461914,-0.3582611
10.627609,0.11720276,0.7486725000000001,-0.4601593,0.19413757,-0.38809204
9.217422500000001,-0.22755432,0.6313629,-0.5336609,0.12170410000000002,-0.31565857
7.539092999999999,-0.09109497,0.17407227,-0.51342773,0.13768005,-0.181427
6.6484375,-0.01927185,-0.06535339,-0.36003113,0.16751099,-0.053604125999999995
6.9022217,0.78279114,-0.34547424,-0.21940613,0.3017273,0.0007324219
7.246994,0.8163147,-0.034225464,-0.16827393,0.37950134,0.0018005370999999999
7.776108,0.8450469999999999,-0.3837738,-0.24711609,0.24420166,0.025222777999999998
8.072998,-0.49331665,-0.29040527,-0.42820740000000007,-0.0072021483999999995,0.04547119
8.772095,-1.2594604,-0.34307859999999996,-0.47294617,-0.21385193,-0.09088135
9.064194,-1.6018371999999999,-0.06774902,-0.25349426,-0.27670288,-0.36039734
8.681122,-0.41191099999999997,0.08547974,0.07034302,-0.24368286,-0.48503113
8.750549000000001,1.3765564,-0.5992584,0.2184143,-0.00932312,-0.39022827
9.78006,2.0493316999999998,-1.1690826,0.16621399,0.1451416,-0.1963501
11.42009,0.6104126,-1.4228668,0.14064026,0.18881226,-0.07916260000000001
12.808731,-0.6656951999999999,-0.5681305,0.13745117,-0.08177185,-0.322052
14.750426999999998,-1.5970459,0.26983643,0.22053528,-0.13822937,-0.61712646
15.607544,-2.9162445,0.035202026000000004,0.32279968,-0.16485596,-0.64482117
12.492691,-1.3073424999999999,1.7710113999999997,0.20881653,-0.35447693,-0.39767456
11.530211999999999,-0.024047852,5.7429809999999994,0.0032348633000000003,-0.28630066,-0.08023071
11.125595,-1.103836,4.833191,-0.051101685,-0.14355469,0.07635498
8.93251,-0.50050354,3.375122,-0.002105713,-0.11158752400000001,0.20100403
8.831955,0.8019409000000001,2.4006805,0.02986145,-0.09774780000000001,0.30326843
10.450439,0.8306732,1.7111511000000001,0.07034302,-0.040222167999999996,0.32989502
11.56134,0.31591797,1.8667755000000001,0.106552124,0.03327942,0.31391907
11.106444999999999,-0.332901,1.7326965,0.12786865,0.07908630000000001,0.296875
9.653167999999999,-1.0966492,1.2203369,0.16940308,0.1259613,0.2776947
8.329178,-1.1541138000000002,0.99528503,0.24078369,0.19094849,0.23402405
7.3403625,-1.1996002000000001,0.90908813,0.3164215,0.29107666,0.15945435
6.9094086,-1.2905883999999999,0.65530396,0.35902405,0.34753418,0.09020996
7.124892999999999,-1.3935393999999999,0.6936188,0.36328125,0.31451416,0.022033691
7.598938,-1.2451018999999999,0.83247375,0.3622284,0.22929382,-0.03656006
8.161575,-1.2714386,0.6960144,0.41973877,0.08547974,-0.06851196
8.630844,-1.2163696000000002,0.19801329999999998,0.5443878000000001,-0.026367188,-0.058929443
9.097717,-1.1110229999999999,-0.26646423,0.6040344,-0.08709717,-0.008865356
9.645980999999999,-0.96258545,-0.45799255,0.49537659999999994,-0.08389282,0.10511780000000001
9.643585,-0.7135773,-0.5465850999999999,0.21520996,0.0034637451,0.21804810000000002
9.54303,-0.81414795,-1.1547089,-0.095840454,0.08015442,0.26171875
10.203827,-1.0679321000000002,-2.0956268,-0.26309204,0.09400939999999999,0.23295593
11.171097,-0.5819092,-2.7109375,-0.24923706,0.0023956299,0.21377563
12.064133,0.27522278,-2.4068756000000002,-0.26309204,-0.19255066,0.31498718
12.58606,0.81152344,-1.5928497,-0.26416016,-0.40667725,0.5472107
13.902878,1.4555664,0.46377563,-0.18426514,-0.20108032,0.6729126
14.2668,1.9822845000000002,2.7430573,-0.05003357,-0.09881592,0.5269623000000001
11.211791999999999,-0.21080017,4.952896,0.14703369,-0.026367188,0.20205688
8.429733,-0.7614746,5.3240050000000005,0.23971558,0.10145569,-0.035491943
8.673935,-1.4198761,3.3296356,0.24610901,0.16218567,-0.14308167
11.111237,-2.743866,2.611374,0.23013306,0.18667603,-0.22511292
13.414458999999999,-2.5044402999999997,2.6616516,0.19071960000000002,0.22929382,-0.28050232
13.277985000000001,-0.9577941999999999,2.027176,0.10549927,0.25805664,-0.31459045
11.331497,-0.31854248,1.3927155,-0.064956665,0.2708435,-0.3497467
9.83992,0.028625487999999998,1.0383759,-0.31208800000000003,0.3059845,-0.35081482
8.446487,0.26803590000000005,0.60502625,-0.5560303000000001,0.29533386,-0.27197266
6.930953999999999,0.07411194,0.17886353,-0.71795654,0.14193726,-0.12071228
6.3922577,-0.06236267,-0.012680054,-0.8308716,-0.017852783,0.019897461
6.748993,0.22494507,-0.010284424,-0.84791565,-0.12011719,0.051864624000000005
7.139251700000001,1.0222168,0.37278748,-0.74671936,-0.15846252,-0.02696228
7.402618400000001,2.0062256,0.6648864999999999,-0.61569214,-0.10946655,-0.07064819
7.414581299999999,2.0445404,-0.010284424,-0.5304718,-0.09454346,-0.056793212999999995
7.9532776,0.710968,-0.5968628,-0.41223145,-0.115859985,-0.13882446
8.784073,-1.103836,-0.9895171999999999,-0.17254639,-0.029571532999999997,-0.27836609999999995
9.363464,-0.92666626,-1.4492035,0.122543335,0.054595947,-0.34121704
9.92131,0.07650757,-1.3965302,0.30470276,0.05885315,-0.28796387
11.372208,0.3757782,-1.1188049,0.28552246,-0.04234314,-0.17503357
13.385727,0.15072632,-0.7644501,0.25036620000000004,-0.09135437,-0.20167542
14.534943,-0.6537323,0.3249054,0.17900085,-0.28309629999999997,-0.46052550000000003
14.779144,-2.2003784,1.3927155,0.12147522,-0.17764282,-0.61073303
12.806335,-3.308899,1.1030273000000002,0.022399902000000003,-0.11798096,-0.5074005
10.634796000000001,-0.8596344000000001,3.5068053999999997,-0.16722107,-0.18190002,-0.24108887
11.077713000000001,0.30395508,5.359909,-0.27693176,-0.09986877400000001,0.006057739300000001
10.570145,-0.33769226,3.5690459999999997,-0.24072266,0.015167236,0.12536621
9.952438,0.7492675999999999,2.8914948,-0.21728516,-0.010391235,0.17756653
11.075317,1.2736053,1.9864807,-0.20024109,-0.022109985,0.22016907
11.930054,0.52182007,1.9768982,-0.11502075,0.026885986,0.23721313
11.374603,-0.35684204,1.9002838,0.0032348633000000003,0.07269287,0.22763062
9.715408,-0.92427063,1.3735657,0.11401367,0.14939879999999997,0.23828125
8.506348,-0.7806244000000001,0.86839294,0.21095276,0.21224976,0.2265625
7.4983826,-1.0631409,0.59783936,0.3387909,0.27722168,0.17436218
6.751388499999999,-1.2355194,0.54756165,0.45277405,0.32730103,0.11683655
6.672378500000001,-1.6712646,0.56433105,0.50816345,0.3251648,0.10406494
7.211075,-1.7622375,0.8659973,0.49325562,0.30812073,0.10618591
8.00116,-1.7119598000000003,1.0120392,0.49325562,0.21438599,0.07209778
8.93251,-1.7598572000000001,0.6529083000000001,0.53053284,0.021560668999999998,0.0018005370999999999
9.358673,-1.4126892,0.035202026000000004,0.5518341,-0.13609314,-0.034423828
9.432891999999999,-0.7135773,-0.5274353,0.43998718,-0.12118530000000001,0.044403076
9.519089,-0.33529663,-0.58488464,0.12573242,-0.043411255,0.11683655
9.416138,-0.62739563,-0.656723,-0.072402954,-0.047683715999999994,0.06997681
9.62204,-1.0942688,-1.1882324,-0.01701355,-0.11798096,-0.028030396000000003
10.699432,-0.60824585,-1.9926758000000002,0.10017395,-0.34169006,-0.06744385
12.313125999999999,0.6606903000000001,-2.0549316,0.06820679,-0.4695282,0.15731812
12.885345,1.9559479,-1.3103333000000001,-0.13845825,-0.58670044,0.6398925999999999
13.610779,2.4754944,1.031189,-0.06600952,-0.33103943,0.8731841999999999
13.045746000000001,0.7205353,3.1285095000000003,0.085250854,-0.24900818,0.6228484999999999
10.007507,-1.1206055,5.486801,0.15023804,-0.19680786,0.16052246
7.768936,-1.1206055,5.355118,0.16621399,-0.066848755,-0.110061646
9.981171,-0.47895813,3.0950012000000005,0.16300964,0.04925537,-0.18249512
12.430435000000001,-1.6257781999999998,2.6664276,0.11294556,0.17816162,-0.21658325
14.039337,-2.4326172,2.3408203,-0.012756348,0.25698853,-0.22297668
13.031386999999999,-1.1613007,1.5818633999999998,-0.18426514,0.19094849,-0.2549286
11.266861,0.14353943,1.2394867,-0.35256958,0.19839478,-0.31565857
10.328323,0.3470459,1.1173859,-0.5059662,0.22076416,-0.36358643
8.851105,0.47633362,0.40870667,-0.6082306,0.13981628,-0.32098390000000004
7.122497599999999,0.46435547,-0.019851685,-0.6359253,0.043930054,-0.13989258
6.710693400000001,0.7157593000000001,-0.20420837,-0.5911865,-0.015716553,0.044403076
6.710693400000001,0.9671478000000001,-0.005493164,-0.47294617,-0.02104187,0.09020996
6.966873,1.0413666,0.12858582,-0.39944458,0.03967285,0.044403076
7.048278999999999,0.8881378000000001,0.19561768,-0.42395020000000005,0.048202515,0.016708373999999998
7.598938,0.27043152,-0.23773193,-0.5081024000000001,-0.043411255,0.019897461
8.539856,-0.9362488000000001,-0.23294067,-0.51556396,-0.10839844,-0.04827881
8.908569,-1.5443726,-0.53460693,-0.28652954,-0.078567505,-0.2602539
8.824767999999999,-0.7159729,-1.1451263,0.12892151,-0.018920898000000002,-0.40834045
9.124054,1.062912,-1.6790466,0.45916748,0.16430664,-0.36358643
10.517471,1.8194884999999998,-1.6479186999999997,0.5252074999999999,0.24420166,-0.23043823
12.633942,0.39492798,-1.0924683000000002,0.53479004,0.2548523,-0.12496948
14.068069,-0.9099120999999999,0.29138184,0.53160095,-0.060455322,-0.25280762
15.327423000000001,-2.0256042,1.8667755000000001,0.47621155,-0.02104187,-0.46052550000000003
15.492629999999998,-4.501205400000001,1.2418823,0.39311218,0.14193726,-0.5020752
11.760071,-2.9832916000000003,2.3504028,0.18325806,0.023696900000000003,-0.36997986
10.165527,0.10523987,5.8794556,-0.012756348,-0.0061340330000000005,-0.15586853
10.919692999999999,-0.11982727,4.4453278,-0.097976685,0.026885986,0.004989624000000001
10.167923,0.42845154,3.0135956000000004,-0.14057922,0.0077209473,0.13282776
10.091308999999999,1.1754456,2.4413757,-0.16082764,-0.029571532999999997,0.21484375
10.704224,1.2113495,2.1995697,-0.15762329,0.0013275146,0.19247437
10.725769,0.81391907,2.10141,-0.13845825,0.027954102,0.16052246
9.430511,0.32070923,1.3999023000000002,-0.08305359,0.054595947,0.13708496
7.958069,-0.036026,0.6672821,0.0042877196999999995,0.14939879999999997,0.09020996
7.2589570000000005,-0.5866852,0.34165955,0.12998962,0.20904541,0.044403076
6.5742188,0.09326172,0.18365479,0.23439026,0.18988037,0.014572143999999999
6.7178802,-0.43585205,0.41827393,0.27487183,0.13342285,0.004989624000000001
7.64682,-1.1780548,0.81092834,0.24078369,0.10572815,-0.006729125999999999
8.446487,-1.3145294,0.98091125,0.24610901,0.01411438,-0.039749146
9.054611,-1.5108489999999999,0.48532104,0.35795593,-0.13609314,-0.084487915
9.246155,-1.0607452,-0.2712555,0.44850159999999994,-0.28523254,-0.04295349
9.227005,-0.53163147,-0.7309418000000001,0.28233337,-0.30334473,0.16159058
9.306000000000001,-0.62260437,-0.7476959,-0.08305359,-0.21173096,0.32882690000000003
9.432891999999999,-0.9577941999999999,-0.6160126,-0.3302002,-0.005065918,0.33735657
9.708236999999999,-1.0200348,-1.1977997,-0.33978270000000005,0.034347534,0.27236938
10.773651,-0.6728821,-2.555313,-0.25349426,-0.20213318,0.25106812
12.437622,-0.35684204,-2.320694,-0.32380676,-0.4503479,0.43962097
13.577255,1.1443176000000002,-0.92007446,-0.37919617,-0.5526123000000001,0.7464142
14.259613,2.8082886,2.4868773999999996,-0.2566986,-0.31825256,0.7975464
12.183838,2.2025604,4.577011,-0.11714172,-0.27458190000000005,0.45773315
8.702667,-0.49571228,6.183517500000001,0.0181427,-0.13183594,0.04333496
8.427338,-0.88357544,5.355118,0.10122681,0.08229065,-0.16865539999999998
10.744919,-0.75668335,3.2841339999999994,0.14491272,0.153656,-0.21551514
13.3402405,-2.3751678,2.707138,0.15235901,0.22608948,-0.2048645
14.499023000000001,-2.171646,2.3575897,0.07460022,0.28681946,-0.17930603
13.208557,-0.14616394,1.7494506999999997,-0.041519165,0.23461914,-0.15693665
11.159119,1.1754456,1.5579223999999998,-0.14590454,0.18348694,-0.20274353
9.804001,0.7612456999999999,1.2849883999999998,-0.26734924,0.25166320000000003,-0.2240448
8.211853,0.22015381,0.42306520000000003,-0.35682678,0.21864319,-0.11752319
6.816039999999999,-0.026443481,-0.077316284,-0.37174988,0.020507812,0.035888672
6.693939,-0.28501892,-0.005493164,-0.28546143,-0.15420532,0.12750244
7.120102,0.48112488,-0.18745422,-0.17999268,-0.13183594,0.16052246
6.492813,1.0940398999999998,-0.084503174,-0.17680359,0.0055847169999999995,0.16264343
6.267761,0.9503784,0.102249146,-0.23751831,0.071640015,0.16264343
7.045883,-0.10066223,0.18125916,-0.31848145,-0.049804688,0.13920593
8.025116,-0.7614746,-0.26885986,-0.34831238,-0.24581909,-0.003540039
8.966034,-1.0918732,-1.2337189,-0.17359924,-0.23622131,-0.22511292
9.468811,0.17227173,-1.4611664,0.11508179,-0.05833435,-0.34654236
9.571762,1.572876,-0.91290283,0.2769928,0.10252380000000001,-0.31991577
10.371429,1.5082396999999998,-1.0685120000000001,0.28126526,0.13128662,-0.27304077
12.540573,0.5170288,-0.7548828000000001,0.22799683,0.04499817,-0.322052
14.420029000000001,-0.19883728,0.37757874,0.013885498000000001,-0.09347534,-0.4243164000000001
15.372910000000001,-1.6545105,1.4837036,-0.08200073,-0.00932312,-0.5500183000000001
14.657043,-3.2634125,1.1389313,-0.05003357,-0.027435302999999998,-0.6192626999999999
12.703384,-1.1876373,3.916214,-0.11820984,-0.08389282,-0.49568176
10.759293,0.28001404,4.0095825,-0.17254639,0.0045166016,-0.21446228
9.0833435,0.28001404,2.925003,-0.046844482,0.041809082000000004,0.04547119
9.519089,0.52182007,3.0135956000000004,0.10443115,-0.010391235,0.21058655
11.139969,0.009460449000000001,2.3049164,0.18005371,0.010910033999999999,0.32989502
11.970749,-0.37121582,2.1995697,0.21734619,0.036483765,0.36824036
10.788025,-0.48373413,2.3815307999999997,0.25569153,0.05671692,0.34693909999999994
9.540633999999999,-1.0200348,1.9529572,0.30256653,0.13874817,0.30859375
8.585358,-0.48612976,1.0527496,0.35583496,0.17816162,0.26597595
7.926941,-0.5603484999999999,0.6194,0.40803528,0.23036194,0.21165466
7.4935913,-1.103836,0.64094543,0.44317627,0.36778259999999996,0.16584778
7.5151367,-1.3001709,0.4948883,0.43466187,0.38482666,0.14027405
7.7066803,-1.3719940000000002,0.56910706,0.38671875,0.28788757,0.11151123
8.209457,-1.2666473,0.6983948,0.35369873,0.18988037,0.06251526
8.729004,-0.7423095999999999,0.43743896,0.38139343,0.10891724,0.004989624000000001
8.848709,-0.60824585,0.042388916,0.45382690000000003,-0.0008087158,-0.030166626000000002
8.954056,-0.64175415,-0.31674194,0.43040466,-0.04234314,0.028427123999999998
9.394592,-0.57232666,-0.6064453000000001,0.16621399,0.02583313,0.17436218
9.674713,-0.6393585,-0.9224701,-0.22686768,0.08654785,0.22444153
9.511902000000001,-0.9601898000000001,-1.2169647,-0.4090271,0.18348694,0.10618591
9.590912,-0.8715973,-1.8011475,-0.41755676,-0.047683715999999994,-0.013122558999999999
10.704224,0.05734253,-2.0381775,-0.42713928,-0.32997129999999997,0.058258057
12.155106,0.8857421999999998,-1.2097778000000001,-0.5997161999999999,-0.49401855,0.43322754
13.35939,2.2528381,0.18843079,-0.5634918000000001,-0.30973816,0.75920105
13.730483999999999,2.640686,2.7550201000000003,-0.35896300000000003,-0.05833435,0.71765137
11.312347,0.7229309,4.320831299999999,-0.16508484,-0.11053467,0.3714447
8.649994,-1.103836,5.470047,-0.05003357,-0.06472778,0.053985596
9.495148,-0.92666626,4.05986,-0.041519165,0.0034637451,-0.07064819
11.34108,-1.8867493000000002,3.3942718999999997,-0.051101685,0.11424255,-0.10473633
13.141525,-3.4525452000000003,3.308075,-0.052169799999999995,0.16751099,-0.13456726
13.531769,-2.3105164,2.7191009999999998,-0.11288452,0.14407349,-0.1771698
12.097641000000001,-0.62979126,1.7422790000000001,-0.18426514,0.09719849,-0.22723389
10.859848,0.18902588,1.1604767,-0.25776672,0.08654785,-0.24427795
9.531067,-0.03363037,1.0383759,-0.33766174,0.06736755,-0.20593262
7.795273,-0.10545349,0.43264769999999997,-0.3781433,-0.001876831,-0.1026001
6.7609710000000005,0.18185425,0.114212036,-0.37919617,0.0013275146,0.022033691
6.538315,0.15789795,0.17407227,-0.33978270000000005,0.046066284000000006,0.087020874
6.7609710000000005,0.35662842,0.16209412,-0.279068,0.042877197,0.08595276
7.1105194,0.35662842,0.27462770000000003,-0.2556305,0.0055847169999999995,0.044403076
7.555847,0.3542328,0.08308411,-0.279068,-0.048736572,0.020965576
8.132843,-0.36402893,-0.1563263,-0.27053833,-0.14887999999999998,-0.037628174
8.55423,-0.8715973,-0.053375244,-0.057495117000000005,-0.15846252,-0.24427795
9.023483,-0.7447052,-0.47955322,0.33346558,-0.07217407,-0.48609924
9.298828,-0.06715393,-1.1188049,0.6264038000000001,0.12809753,-0.5159302
9.981171,0.81152344,-1.3007507,0.62428284,0.23568726,-0.30180359999999995
11.748092999999999,0.6008300999999999,-0.80036926,0.60191345,0.16111755,-0.14094543
13.708939,-0.6968231,0.49249268,0.47193909999999994,-0.17550659,-0.19207764
15.518967000000002,-1.9537811,2.0678864,0.22267151,-0.19787598,-0.34442140000000004
15.703307999999998,-3.873932,1.0335846,0.12680054,-0.05619812,-0.46585083
12.353821,-2.2745972,1.8524017,0.0650177,-0.10733032,-0.49674988
10.656342,0.9934844999999999,4.979233,-0.047912598,-0.113723755,-0.37211609999999995
10.153549,0.4835205,3.5259552000000003,-0.10223389,0.018371582,-0.16012573
8.946869,0.5266113,2.9920502,-0.056427002000000004,0.030090332,0.0028533936
9.499939,0.87376404,2.580246,-0.0074310303000000005,-0.09135437,0.16796875
10.981949,0.15551758,1.9792938000000002,0.01600647,-0.09454346,0.28195190000000003
11.436844,-0.332901,1.9505615,0.047973632999999995,-0.013595581,0.31604004
10.19426,-0.54599,2.0654907,0.10975647,0.0034637451,0.29899597
8.705063,-0.34727478,1.6369323999999998,0.18218994,0.083343506,0.24360657
8.118484500000001,-0.7327423000000001,1.1030273000000002,0.28338623,0.1451416,0.17649841
7.522323599999999,-0.59866333,0.8564148000000001,0.39524840000000006,0.17495728,0.12750244
7.1105194,-0.8787841999999999,0.8444519,0.46235657,0.20159912,0.098739624
7.5343018,-1.403122,0.8851471,0.45063782,0.22503662,0.051864624000000005
8.089752,-1.6880188000000003,0.9450073,0.4495697,0.1259613,0.0018005370999999999
8.537460000000001,-1.6880188000000003,0.71276855,0.46768188,-0.022109985,-0.021636963
8.88942,-1.5395813,0.17407227,0.45170593,-0.10519409,-0.02696228
9.325165,-0.9721527,-0.31195068,0.39950562,-0.13395691,0.032684326
9.28685,-0.28262329999999997,-0.26646423,0.20988464,-0.11798096,0.17863464
9.131226,-0.332901,-0.46757507,-0.119277954,-0.06365967,0.24574279999999998
9.250946,-1.1349639999999999,-1.1211853,-0.35043335,0.0471344,0.20100403
9.736969,-0.91947937,-1.7388916,-0.41648865,0.09080505,0.100860596
10.704224,0.4452057,-2.344635,-0.37387085,-0.15206909,0.014572143999999999
12.205383,0.9719391,-2.198578,-0.33552550000000003,-0.44395447,0.13282776
13.222916,1.5297851999999998,-1.4755402,-0.33338928,-0.5558014,0.4768982
13.7951355,1.8745421999999998,0.7965698,-0.24072266,-0.21066284,0.6995392
12.988281,0.6678772,3.2841339999999994,-0.109695435,-0.11798096,0.6356201
10.280441,-0.94104004,5.6376343,0.009613037,-0.12757874,0.34054565
8.697875999999999,-0.76864624,5.2737274,0.028793335,-0.102005005,0.04333496
9.10968,-0.69921875,3.0375366,-0.015945435,-0.053009033,-0.11218262
10.661118,-1.8508301,2.9417725,-0.045776367000000005,0.015167236,-0.2048645
12.959564,-2.209961,3.0638732999999996,-0.09158325,0.13128662,-0.26239014
13.4982605,-1.4007263,2.3144836,-0.19598389,0.2239685,-0.27836609999999995
12.267638999999999,-0.3496704,1.4405975,-0.3302002,0.20266724,-0.31352234
11.039413,0.09326172,0.96655273,-0.45483398,0.17602539,-0.33163452
9.892593,0.17466736,0.4733429,-0.53260803,0.14086914,-0.28475952
8.259735000000001,0.260849,-0.12998962,-0.49531555,-0.0072021483999999995,-0.1729126
7.357132000000001,0.14833069,-0.30236816,-0.42607117,-0.07110596,-0.045074462999999995
7.419372599999999,0.30635070000000003,-0.10125732400000001,-0.35577393,0.062042235999999994,0.03907776
7.390640299999999,0.8234863000000001,0.2674408,-0.3067627,0.11531067,0.049728394
7.081786999999999,0.7875824,0.70318604,-0.33872986,0.042877197,0.038009644
6.942932000000001,-0.41430664,0.18603516,-0.44204712,-0.07431030000000001,0.015640259
7.342758,-1.2403107,-0.29040527,-0.42820740000000007,-0.19361877,-0.10685730000000002
8.144821,-1.3456573,-0.13717651,-0.18638611,-0.17231749999999998,-0.29328918
8.745758,-0.10545349,-0.127594,0.18751526,-0.07110596,-0.37744140000000004
9.126434,1.5800629,-0.6279906999999999,0.55822754,0.20692444,-0.30500793
10.11525,1.9104613999999998,-1.1834412,0.70310974,0.2505951,-0.13882446
11.592467999999998,0.1124115,-1.4563751,0.7435913000000001,0.14086914,-0.049331665
12.768021000000001,-1.4462128,-0.44602966,0.6040344,-0.2500763,-0.16012573
14.870132,-2.044754,1.6153870000000001,0.40589905,-0.19255066,-0.36891174
15.655426,-3.2155304,1.4837036,0.32493590000000006,0.06311035,-0.47331238
12.693802,-2.0950317,2.6688232000000003,0.18218994,-0.07963562,-0.39981079999999997
10.117645,-0.34008790000000005,4.581802400000001,0.045837402,-0.12118530000000001,-0.18463135
9.2677,-0.3041687,3.106964,0.030929565,0.07801819,-0.028030396000000003
8.800827,1.3502197,2.877121,0.10975647,0.07376099,0.089141846
9.971588,1.7668152,2.4198303,0.15342712,-0.066848755,0.19993591
12.475937,0.45718384,2.0966186999999996,0.18539429,-0.10946655,0.25639343
13.093628,-0.43107605,2.046341,0.23225403,-0.08709717,0.26065063
10.589294,-1.024826,1.9840851000000002,0.28126526,-0.019973755,0.22549438
8.997162,-0.91230774,1.5196075,0.32279968,0.07589722,0.18608093
8.647598,-0.6561279000000001,0.9737396,0.3984375,0.1770935,0.15625
7.9437103,-0.6345824999999999,0.7391052,0.47726440000000003,0.28149414,0.14987183
7.4121857,-0.96258545,0.59306335,0.51242065,0.3262329,0.14666748
7.421767999999999,-1.0751038,0.5116577,0.46235657,0.28468323,0.11578369
7.64682,-1.3935393999999999,0.72473145,0.36860657,0.19413757,0.06465149
7.8120270000000005,-1.4845123,0.74150085,0.32279968,0.095062256,0.009246826
8.123275999999999,-1.0703278,0.39912415,0.35476685,-0.041290283,-0.039749146
8.700272,-0.7518921,-0.16111755,0.36009216,-0.12437439,-0.039749146
9.150391,-0.60824585,-0.4771576,0.23120117,-0.013595581,0.027359009
9.138411999999999,-0.29699707,-0.5322113,-0.07028198,0.054595947,0.11151123
9.179108,-0.70880127,-0.7548828000000001,-0.39305115,0.116378784,0.13601685
10.029053,-1.6066284,-1.3582153000000001,-0.54219055,0.25805664,0.06677246
11.367416,-0.9386443999999999,-2.0238037,-0.5901184,0.07376099,0.0028533936
12.17186,0.8091278000000001,-2.1483002,-0.6551056,-0.29374695,0.08062744
13.134338,1.7859650000000002,-1.9878997999999999,-0.5048981,-0.5259857,0.24360657
14.827042,2.8322296000000002,-0.20420837,-0.23112488,-0.29801940000000005,0.30645752
14.522964499999999,2.7173004,1.402298,-0.04257202,-0.09986877400000001,0.30966187
11.784011999999999,-0.3616333,4.1316833,0.12892151,-0.045547485,0.26171875
9.660355000000001,-1.69281,5.529907,0.23225403,0.02583313,0.17224121
8.705063,-1.8005523999999997,4.4525146,0.24397278,0.15046692,0.07849121
8.587753,-2.9785004,3.3559723,0.23120117,0.23248291,-0.01737976
10.153549,-2.6672516,2.7406616,0.2141571,0.20692444,-0.14308167
11.793579,-0.9721527,2.4629211,0.15982056,0.26763916,-0.22511292
12.009064,0.09805298,1.9721221999999998,0.0181427,0.25698853,-0.2602539
10.76886,0.256073,1.4334258999999998,-0.17999268,0.11317444,-0.26771545
9.509506,-0.37121582,1.1844177,-0.33978270000000005,0.022628784,-0.21871948
8.362686,-0.42149353,0.758255,-0.39624023,-0.022109985,-0.13668823
7.136856,0.2273407,0.28181458,-0.37600708,0.015167236,-0.045074462999999995
6.7753296,0.76364136,0.18125916,-0.32913208,0.09719849,0.01777649
7.1967163,1.0389709999999999,0.3656006,-0.26416016,0.1302185,0.030563353999999997
7.8814545,0.7612456999999999,0.6241760000000001,-0.24072266,0.050323485999999994,-0.003540039
8.118484500000001,0.60801697,0.107040405,-0.27693176,-0.041290283,-0.031234741
8.293258999999999,0.0501709,-0.5178528,-0.3035736,-0.12757874,-0.063186646
8.88942,-0.21319580000000002,-0.48912048,-0.16189575,-0.14887999999999998,-0.16865539999999998
9.224609,0.05494690000000001,-0.553772,0.15982056,-0.12223816,-0.29754640000000004
9.224609,0.6582946999999999,-1.1331635,0.43785095,-0.039154053,-0.27836609999999995
9.7202,0.9360199,-1.5066528000000001,0.5294647,0.017303467,-0.14414978
11.187851,0.473938,-1.3031464,0.43572998,0.026885986,0.05293274
12.801544,-0.28022766,-0.26885986,0.30256653,0.06524658,0.07316589
13.572479000000001,-0.7447052,0.34165955,0.28977966,-0.13609314,-0.35186768
14.221298,-1.6736602999999999,0.59306335,0.28338623,-0.09561157,-0.68955994
12.887725999999999,-2.384735,0.19082642,0.16940308,-0.07217407,-0.6288451999999999
10.328323,-0.7949829,2.8603668,-0.07347107,-0.11053467,-0.31884766
11.374603,-0.40951538,6.671936,-0.3035736,0.010910033999999999,-0.010986328
11.575714,-1.5539551,4.770935,-0.38879395,0.07801819,0.112579346
9.971588,0.19381714,2.9058533,-0.38665770000000005,0.009841919000000001,0.14666748
10.108063000000001,2.1666412,2.35997,-0.36642456,0.011978148999999999,0.20526123
11.116028,2.6335144,2.4413757,-0.33872986,0.053527832000000004,0.25213623
11.467972,1.0222168,2.312088,-0.3025055,0.04499817,0.26171875
10.608459,-0.37361145,1.6632689999999999,-0.23751831,0.08441162,0.2542572
9.090530000000001,-0.68006897,1.1125946000000002,-0.15762329,0.1302185,0.19354248
7.665985000000001,-0.69203186,0.83966064,-0.04045105,0.1685791,0.10725403
6.720275999999999,-0.91947937,0.6170044,0.099105835,0.21011353,0.032684326
6.8064575,-1.0846863000000002,0.7103729,0.20030212,0.19413757,-0.01524353
7.4050139999999995,-1.2474976,1.0790863000000002,0.25250244,0.12702942,-0.06211853
8.183121,-1.1613007,1.1796417,0.34518433,0.011978148999999999,-0.11752319
8.642807000000001,-1.4533996999999999,0.8564148000000001,0.51242065,-0.060455322,-0.15054321
8.752945,-1.4294434,0.25068665,0.66156006,-0.11053467,-0.08981323
8.927719,-1.0344086,-0.082107544,0.5933838,-0.17550659,0.102996826
9.20784,-1.0727081,-0.08689880000000001,0.32600403,-0.22770691,0.25
9.401779,-1.4557799999999999,-0.17308044,0.045837402,-0.12223816,0.24148560000000002
9.547821,-1.6808471999999999,-0.7524871999999999,-0.13951111,-0.05406189,0.16052246
10.244537,-1.1182098,-1.6790466,-0.13632202,-0.19680786,0.06037903
11.558945,0.3757782,-1.8801575000000001,-0.074539185,-0.30867004,0.010314941
12.703384,1.6590729,-1.8586121,-0.12780762,-0.56539917,0.31924438
13.95076,1.8242645,-0.44842529999999997,-0.22367859,-0.3842926,0.7325592
13.859772,1.8434296000000001,1.244278,-0.25776672,-0.027435302999999998,0.7783661000000001
11.015472,-0.39276123,3.2577972,-0.18106079,-0.102005005,0.50779724
8.685913000000001,-1.6329651,5.5514526,-0.09051514,-0.08282471,0.18608093
9.50473,-0.25628662,3.9880370000000003,-0.10223389,0.092941284,0.03375244
10.625214,0.28240967,2.9321900000000003,-0.14271545,0.20159912,0.012451172
11.175873,-0.7135773,2.7837523999999996,-0.19277954,0.23036194,-0.037628174
12.23172,-1.8316803,2.4629211,-0.28652954,0.29747009999999996,-0.12922668
12.329880000000001,-0.5938720999999999,1.639328,-0.40156555,0.2601776,-0.22723389
11.388962,0.6295624,1.3065338,-0.5081024000000001,0.15686035,-0.27197266
10.041031,0.43803406,1.1197815,-0.60183716,0.15898132,-0.19421387
8.702667,0.12199402,0.545166,-0.62101746,0.095062256,-0.07383728
7.5606384,0.3470459,0.15969849,-0.5539093,0.053527832000000004,-0.0014038085999999999
7.2685394,0.7205353,0.107040405,-0.47187805,0.043930054,0.030563353999999997
7.235016000000001,0.6032257,0.2554779,-0.39305115,0.017303467,0.025222777999999998
7.3283997,0.5888671999999999,0.43983459999999996,-0.35682678,-0.0061340330000000005,0.009246826
7.72583,0.6008300999999999,0.48771667,-0.38665770000000005,-0.038085938,0.022033691
7.855117999999999,-0.35684204,0.43504333,-0.37174988,-0.07217407,0.0071258545
8.025116,-1.3288878999999998,0.33448792,-0.23007202,-0.11053467,-0.12817383
8.3315735,-0.85484314,-0.16590881,0.00642395,-0.14355469,-0.34335327
8.798430999999999,0.5314026,-1.202591,0.3153534,-0.07749939,-0.48396300000000003
9.722595,1.4052886999999998,-1.3103333000000001,0.5987091,-0.051940917999999996,-0.49249268
11.290802000000001,0.6128081999999999,-0.6878357,0.7020416,-0.09774780000000001,-0.40620422
12.938004,-1.4964905000000002,-0.19941711,0.6690216,-0.24368286,-0.24320984
14.386505,-2.3272705,0.5906677,0.4644928,-0.20852661,-0.09408569
15.566849,-2.4685363999999996,1.9338074,0.27380370000000004,-0.03276062,-0.18888855
14.472686999999999,-2.3727722,1.723114,0.2141571,0.05671692,-0.37104797
12.224533000000001,-0.6680908,2.7526245,0.13105774,0.021560668999999998,-0.40087890000000004
9.686691,0.4332428,2.4820862,0.026657103999999997,0.030090332,-0.20806885
9.274887,0.34465027,2.987259,0.017074585,0.07269287,0.030563353999999997
9.85907,1.1921997,3.0375366,0.031982422,0.0045166016,0.19993591
10.74971,0.8953247,2.1397095,-0.020202637,-0.078567505,0.31178284
11.223755,0.37338257,2.0726776,-0.05961609,-0.09135437,0.36184692
10.35466,-0.18685913,2.070282,-0.014877318999999998,-0.102005005,0.34268188
9.054611,-0.29460144,1.4884948999999998,0.0415802,-0.03489685,0.30538940000000003
8.290863,-0.21798706,0.7079773,0.10975647,0.029022217000000003,0.27450562
8.020325,-0.15093994,0.32730103,0.20137024,0.11956787,0.24360657
7.814422599999999,-0.5747223000000001,0.5379944000000001,0.30682373,0.24526978,0.20951843
7.9652557,-0.89793396,0.38955688,0.421875,0.29640198,0.14454651
7.9461059999999994,-1.269043,0.3129425,0.5422516,0.19200134,0.07209778
8.163971,-1.6161957,0.31054688,0.63386536,-0.037017822,0.0018005370999999999
8.441696,-1.565918,0.17167664,0.65304565,-0.24156189,-0.041885376
8.808014,-1.4126892,0.13337708,0.5997772,-0.30014038,0.0007324219
8.966034,-1.352829,0.36322020000000005,0.37606812,-0.18829346,0.16584778
8.760132,-1.3695983999999999,0.25787354,-0.002105713,-0.080703735,0.27023315
8.566193,-1.4318389999999999,-0.49870299999999995,-0.2524414,-0.0008087158,0.23828125
8.982788000000001,-1.2881927,-1.7125549,-0.27799988,0.10572815,0.14880371
10.574936,-0.13179016,-2.8138885,-0.19598389,-0.068984985,-0.01737976
12.418472,0.9264374,-2.7157287999999995,-0.022338867000000002,-0.37258909999999995,-0.11325073
13.318695000000002,1.5273895,-2.1530914,0.06713867,-0.53663635,0.18608093
13.8526,1.7189178,-0.7381134,0.07885742,-0.30973816,0.6398925999999999
13.658660999999999,0.23930359,2.0678864,0.17579651,-0.10093689,0.7464142
11.671478,-1.7526703000000001,4.165207,0.26315308,-0.12757874,0.48222349999999997
9.449661,-1.6976012999999999,5.3934326,0.27806090000000006,-0.048736572,0.13175964
9.174332000000001,-1.0272217,3.7797394,0.18112183,0.07801819,-0.051467896
10.6707,-1.0679321000000002,2.7885437,0.0884552,0.14619446,-0.107925415
12.509445,-1.4605713,2.4629211,0.033050537000000005,0.22183228,-0.17398071
13.45755,-1.1876373,2.106186,-0.036193848,0.33155823,-0.23683167
12.313125999999999,-0.28022766,1.3328705,-0.1267395,0.3720398,-0.28689575
10.843079,0.4619751,1.0695038000000001,-0.24497986,0.30918884,-0.32949829999999997
10.153549,0.4332428,0.9282379000000001,-0.37600708,0.20799255,-0.34335327
9.021103,0.40211487,0.39672852,-0.47080994,0.13981628,-0.2559967
7.4864197,0.40690613,0.09027099599999999,-0.5400543000000001,0.09933472,-0.107925415
6.655624400000001,0.24888611,0.063934326,-0.5570984,0.05885315,0.014572143999999999
6.7394257,0.710968,0.16448975,-0.46229553,0.03541565,0.051864624000000005
7.0985565,1.0365753,0.28181458,-0.40263367,0.06736755,-0.00033569336000000005
7.381073,0.99827576,0.011260986,-0.4132843,0.015167236,-0.06744385
7.644424400000001,0.5337982,-0.36701965,-0.38452148,-0.057266235,-0.09727478
8.271713,-0.8404845999999999,0.08308411,-0.21940613,-0.033828735,-0.18249512
9.085739,-0.88357544,-0.206604,0.054367065,0.016235351999999998,-0.30073547
9.104889,-0.33050537,-1.2696381,0.35583496,0.08547974,-0.31672668
9.46402,-0.05278015,-1.7484741000000001,0.51135254,0.12702942,-0.19102478
10.989136,-0.09109497,-1.1738586000000002,0.5198822,0.118499756,-0.09194946
12.636337,-0.6968231,-0.17547607,0.43466187,-0.14355469,-0.09088135
13.524597,-1.4940948,1.1078033,0.21308899,-0.17337036,-0.16651917
14.6762085,-2.506836,2.0535126,0.13851929,0.08868408,-0.36465454
14.451141,-3.1293335,1.699173,0.08418274,0.14407349,-0.49035645
12.05455,-0.3041687,3.5307465,-0.011688232,0.0077209473,-0.37423706
9.966812,0.766037,2.5395355,-0.0010375977,0.016235351999999998,-0.14308167
9.320374000000001,1.4795074,2.470108,0.09057617,0.026885986,0.051864624000000005
9.768082000000001,2.1977692,2.3384247000000005,0.11721802,-0.08496094,0.21377563
11.106444999999999,0.52900696,2.446167,0.046905518,-0.016784668,0.30645752
11.886963,-0.85484314,2.6496735,-0.006362915,0.09933472,0.3011322
10.345092999999999,-0.9386443999999999,2.221115,0.008560181,0.12489319,0.24574279999999998
8.748154,-0.49092102,1.4693298000000001,0.08631897,0.24420166,0.20205688
8.532684,-0.44303894,0.52841187,0.19390869,0.3528595,0.16052246
8.06102,-0.52923584,0.31532288,0.3387909,0.3486023,0.12004089
7.5175323,-0.7878113,0.64334106,0.46342468,0.26551820000000004,0.09234619
7.606125,-1.2235565000000002,1.0024719000000002,0.48472595,0.23780823,0.07635498
7.862304700000001,-1.668869,1.3256836,0.42401123,0.22929382,0.03694153
8.049057000000001,-1.6066284,1.3352661,0.38459778,0.10572815,-0.033355712999999995
8.173553,-1.7215424,0.9282379000000001,0.40908813,-0.05619812,-0.086624146
8.738586,-1.486908,0.104644775,0.39950562,-0.12223816,-0.056793212999999995
9.28685,-0.84765625,-0.3047638,0.18858337,-0.09454346,0.07316589
9.4592285,-0.031234741,-0.52264404,-0.16722107,-0.027435302999999998,0.17436218
9.399384,-0.05996704,-1.0254211,-0.4005127,0.06311035,0.17329407
9.62204,-0.39755250000000003,-1.6048278999999999,-0.4090271,0.09400939999999999,0.09446716
10.503113,-0.253891,-2.313507,-0.3781433,-0.14674377,0.063583374
11.908508,0.49069214,-1.894516,-0.42288208,-0.42904663,0.23295593
12.677048,1.5345764,-0.71417236,-0.29824829999999997,-0.5281066999999999,0.43215942
13.704163000000001,2.3605652000000004,1.3113098,-0.09158325,-0.23728943,0.5141907
13.289963,1.5848541,3.3463898000000003,0.12892151,-0.18508911,0.42150879999999996
11.192642,-1.4893036,5.529907,0.32174683,-0.14887999999999998,0.19673157
9.787247,-1.7311249,5.5825653,0.4026947,-0.05619812,0.011383057
9.200667999999999,-1.7766113000000001,3.655243,0.41441345,-0.017852783,-0.05467224
10.716187,-3.1844025,3.2338562,0.39524840000000006,0.054595947,-0.098342896
12.957169,-2.628952,2.9800720000000003,0.32600403,0.16111755,-0.14094543
12.9140625,-1.0655364999999999,2.2953339,0.21202087,0.17816162,-0.19102478
11.286011,-0.10784912,1.7518463,0.063949585,0.11210632,-0.26132202
10.084122,0.1124115,1.402298,-0.11076355,0.07696533,-0.29328918
8.946869,0.22254944,0.8061371,-0.23858643,0.027954102,-0.22084045
7.330795299999999,0.31112670000000003,0.18603516,-0.3302002,0.0087890625,-0.08769226
6.6915436,0.54815674,-0.11802673,-0.42713928,0.013046265,0.030563353999999997
6.839981,0.9958800999999999,-0.13478088,-0.45697020000000005,-0.023178099999999997,0.07635498
7.07222,1.2807921999999998,0.020843506,-0.45057678,0.055648804,0.056121826
7.3283997,1.1036072000000001,0.08547974,-0.44418335,0.022628784,0.006057739300000001
7.5343018,0.96235657,-0.37898254,-0.46229553,-0.13076782,-0.037628174
8.118484500000001,-0.014480591000000001,-0.36701965,-0.37600708,-0.22877502,-0.16331482
9.212631,-0.46697998,-0.17308044,-0.034057617000000005,-0.14781189,-0.37104797
9.320374000000001,0.11720276,-0.20899963,0.34304809999999997,-0.035964966,-0.41152954
9.167145,0.69181824,-0.82910156,0.46022034,0.07057189999999999,-0.275177
10.452835,0.5098572,-1.0421905999999999,0.36755370000000004,0.030090332,-0.12071228
12.923645,-0.62020874,-0.30236816,0.27166748,-0.05833435,-0.086624146
14.005829,-1.486908,0.7486725000000001,0.05329895,-0.21173096,-0.24641418
14.408051,-2.5403595,0.54278564,-0.11502075,-0.12223816,-0.46159363
13.562897,-2.9449767999999996,0.06872558599999999,-0.13951111,-0.050872803,-0.6139220999999999
12.100037,-0.19644165,3.2961120000000004,-0.21302795,-0.19041443,-0.51486206
11.774429,0.96235657,4.881073000000001,-0.28546143,-0.15739441,-0.22190857
9.995529,-0.05517578,3.5475006000000002,-0.2609558,-0.03489685,0.014572143999999999
8.987579,1.1251678,3.2266846,-0.23432922,-0.09667969,0.19567871
10.038635000000001,1.6925811999999998,2.6664276,-0.29504395,-0.09986877400000001,0.30645752
11.592467999999998,0.7779999,2.4174347000000003,-0.3493805,-0.023178099999999997,0.28941345
11.695419000000001,-0.24671936,2.2857513,-0.3547058,0.06524658,0.20845032
10.086517,-0.73991394,1.6034088,-0.30569458,0.1685791,0.17756653
9.052216,-0.48373413,0.7175598000000001,-0.21302795,0.29853820000000003,0.16264343
8.453674000000001,-0.332901,0.35603333,-0.0798645,0.35606384,0.13815308
7.776108,-0.32572937,0.37757874,0.06288147,0.38587952,0.11578369
7.436142,-0.66329956,0.38716125,0.17367554,0.3304901,0.10725403
7.5702057,-1.3863524999999999,0.6026305999999999,0.22692871,0.25805664,0.091278076
7.9772186000000005,-1.7406921000000002,0.9210663,0.25994873,0.21331787,0.05079651
8.465637,-1.984909,0.9545745999999999,0.3515625,0.14086914,-0.014190673999999999
8.738586,-1.6593018,0.4948883,0.4730072,0.021560668999999998,-0.046142578
8.966034,-1.1373596000000001,-0.096466064,0.49111938,-0.059387207000000004,-0.005661010699999999
9.294037,-0.62739563,-0.22814941,0.30363464,-0.12863159,0.13282776
9.274887,-0.8596344000000001,-0.29519653,-0.088378906,-0.10733032,0.2776947
9.016312,-1.6640778000000003,-0.7644501,-0.41223145,0.054595947,0.29473877
9.301224000000001,-1.8077393,-1.0565491000000002,-0.49531555,-0.00932312,0.19567871
10.316360000000001,-0.36882020000000004,-1.7556610000000001,-0.5315399000000001,-0.23728943,0.100860596
11.965958,1.1347351,-1.7005919999999999,-0.4835968,-0.53131104,0.20632935
13.910048999999999,2.209732,-0.32870483,-0.24391174,-0.4226532,0.40872192
15.066451999999998,3.7037199999999997,1.3735657,-0.02659607,-0.11158752400000001,0.5141907
12.983505000000001,1.5776671999999998,3.004013,0.14596558,-0.057266235,0.42469788
10.570145,-2.3488312000000002,5.5322876,0.25994873,-0.029571532999999997,0.22123718
9.969208,-2.16687,4.7685394,0.31747437,0.03327942,0.06465149
9.703445,-2.5834502999999995,3.5570831,0.35476685,0.1259613,-0.009918213
10.819138,-2.9713135,3.0088043,0.3622284,0.21331787,-0.09513855
12.375366,-1.7215424,2.6089783,0.35583496,0.31237793,-0.16226196
12.447205,-0.34727478,2.319275,0.29937744,0.29000854,-0.21339417
11.295592999999998,0.23930359,2.0822449,0.14703369,0.2548523,-0.24320984
9.899764999999999,0.10762024,1.4908752,-0.020202637,0.17390442,-0.21339417
8.453674000000001,-0.13658142,1.0431671,-0.15122986,0.071640015,-0.13989258
6.89505,-0.4765625,0.6385498000000001,-0.21621704,0.01411438,-0.03656006
6.5,-0.06236267,0.2842102,-0.21302795,-0.06578064,0.03907776
6.432968,0.7397003000000001,0.37997437,-0.17680359,-0.012527466000000001,0.056121826
7.017150999999999,1.2233276000000002,0.50686646,-0.15975952,-0.031692505,0.020965576
7.457687400000001,1.3957062,0.2889862,-0.20663452,-0.12223816,-0.003540039
7.7976529999999995,0.43563843,-0.041412354,-0.28546143,-0.18403625,0.004989624000000001
8.463242,-0.1269989,-0.2712555,-0.2875824,-0.22557068,-0.041885376
8.841536999999999,-0.2634735,-0.45082092,-0.051101685,-0.18296814,-0.23788452
8.946869,0.28240967,-1.2600555,0.27166748,-0.09986877400000001,-0.39128113
9.212631,1.0820618,-1.6239777,0.3707428,0.011978148999999999,-0.32098390000000004
10.232559,1.0509491000000002,-1.2456969999999998,0.27912903,-0.0039978027,-0.12390137
12.413681,0.18423462,-0.25209045,0.13105774,-0.12118530000000001,-0.04081726
14.269179999999999,-0.59147644,0.916275,-0.11076355,-0.25646973,-0.24960327
15.526138000000001,-1.9537811,1.1940002,-0.20875549999999998,-0.13609314,-0.56599426
14.386505,-2.9904632999999996,0.17886353,-0.11714172,-0.09347534,-0.73750305
10.993912,-0.43585205,1.9457855,-0.15336609,-0.29801940000000005,-0.59368896
11.082504,1.0724945,4.636856,-0.27053833,-0.2500763,-0.27410890000000004
10.876602,-0.10066223,4.2154846,-0.25456238,-0.030639648,-0.024841309
9.310791,0.48591614,3.9664917,-0.24179077,0.09187317,0.15412903
9.801605,0.89053345,2.9513397,-0.32487488,0.116378784,0.23721313
11.424881,-0.11503601,2.039154,-0.36854553,0.14193726,0.24148560000000002
12.0282135,-0.91947937,1.9242401000000002,-0.34085083,0.15046692,0.22444153
11.183060000000001,-0.7231598000000001,1.2059784,-0.26202393,0.10359192,0.19779968
9.995529,-0.36882020000000004,0.6576996,-0.15122986,0.13449097,0.1711731
8.745758,-0.253891,0.6672821,-0.0052948,0.19520569,0.14241028
7.3068542,-0.33769226,0.68403625,0.12573242,0.2836151,0.10511780000000001
6.476058999999999,-0.97694397,0.5954437,0.20030212,0.36671448,0.100860596
6.6364746,-1.2786102,0.7223358,0.21308899,0.39440918,0.09767151
7.2493896,-1.5252228,1.0096436,0.23332214,0.37097168,0.06251526
8.269318,-1.7814026,0.8348694,0.31747437,0.33369446,-0.0045928955
9.183899,-1.4342346000000001,0.29138184,0.44638062,0.26231384,-0.074905396
9.480789,-0.92427063,-0.47476196,0.52627563,0.13449097,-0.11538696
9.705841,-0.47177124,-1.0589447,0.5188141,-0.037017822,-0.051467896
9.899764999999999,-0.31854248,-0.93444824,0.30789185,-0.19361877,0.14454651
9.590912,-0.9099120999999999,-0.632782,-0.053237915,-0.24688720000000003,0.31071472
9.389801,-2.0950317,-0.4412384,-0.2524414,-0.17550659,0.39167786
9.679504,-2.075882,-0.44602966,-0.27799988,-0.1797638,0.34480286
10.622817999999999,-0.01927185,-0.6974182,-0.28225708,-0.29374695,0.20526123
11.822311000000001,1.3095093,-0.91290283,-0.24284363,-0.54089355,0.34375
13.373748999999998,2.5233765,0.078308105,-0.09370422,-0.36724854,0.61538696
14.376923000000001,3.4140167000000003,1.4334258999999998,0.033050537000000005,-0.10519409,0.6739807
12.174255,-0.026443481,3.193161,0.14491272,-0.18936157,0.42257690000000003
9.928497,-2.5954285,6.061416599999999,0.24397278,-0.11798096,0.10939026
9.957230000000001,-1.5084534,5.118103,0.30895996,0.031158447000000002,-0.049331665
10.397766,-1.565918,3.600174,0.3473053,0.13981628,-0.11857605
11.726547,-2.2841797,3.1093597,0.36116028,0.23036194,-0.181427
12.856613000000001,-1.69281,2.6377106,0.28233337,0.25698853,-0.22511292
12.167084,-0.6728821,2.1899872000000005,0.120407104,0.20692444,-0.24002075
10.761688000000001,-0.13658142,1.7279053,-0.05961609,0.07376099,-0.23576355
9.64119,-0.19404602,1.45018,-0.23219299999999998,-0.02104187,-0.19953918
8.025116,-0.19165039,0.8372649999999999,-0.31954956,-0.09774780000000001,-0.107925415
6.610138,0.38056946,0.16448975,-0.34405518,-0.080703735,0.020965576
6.2294617,0.7013855,-0.007888794000000001,-0.35256958,0.030090332,0.11364746
6.6005554,1.0988312,0.19322205,-0.33872986,0.12809753,0.13920593
7.050674400000001,1.1227722,0.43983459999999996,-0.36854553,0.17602539,0.10832214
7.582184,0.47633362,0.21716309,-0.48680115,0.08654785,0.10725403
8.286072,-0.14616394,-0.63516235,-0.5794678000000001,-0.11158752400000001,0.10511780000000001
9.183899,-0.5100707999999999,-1.0541534,-0.45909120000000003,-0.19041443,-0.033355712999999995
9.744141,-0.47416687,-1.2337189,-0.12992859,-0.20852661,-0.28369140000000004
9.387405000000001,0.23690796,-1.5282135000000001,0.11294556,-0.25753784,-0.42111206
9.329956,1.2376862,-1.1977997,0.13531494,-0.20533752,-0.3454895
10.862244,1.5130157,-0.13478088,0.08631897,-0.019973755,-0.13136292
12.564513999999999,-0.11503601,1.2634277,-0.036193848,-0.09667969,-0.17077637
13.483887,-2.10701,1.6034088,-0.18638611,-0.14141846,-0.46905518
14.798309,-3.6392975,0.29617309999999997,-0.13845825,0.011978148999999999,-0.6767731
12.947586,-1.6976012999999999,0.16688538,-0.084121704,-0.08709717,-0.6022185999999999
11.932449,1.1682587,4.308853,-0.14271545,-0.230896,-0.31245422
12.463959,-0.50050354,4.404632599999999,-0.13951111,-0.23196411,-0.041885376
10.94603,-1.2019958,3.7725525,-0.048965454000000005,-0.16699219,0.09020996
9.669922,0.11480713,3.4732818999999995,0.022399902000000003,-0.11158752400000001,0.21910095
9.614853,0.17227173,2.5443267999999994,0.09378052,-0.08602905,0.27983093
10.467194000000001,-0.28022766,2.4581451000000003,0.14491272,-0.038085938,0.27130127
10.871811,-0.9506073,2.0319672,0.22053528,0.02583313,0.28408813
10.041031,-0.6178130999999999,1.244278,0.30149840000000006,0.13661194,0.25958252
8.944489,-0.9506073,0.8133239999999999,0.38459778,0.1259613,0.19886779999999998
8.072998,-0.9673767,0.65530396,0.47726440000000003,0.1451416,0.14134216
7.361908000000001,-1.4126892,0.56433105,0.550766,0.25912476,0.10406494
7.3858643,-1.8484343999999997,0.40151978,0.56248474,0.24952698,0.091278076
7.462478599999999,-1.5755005,0.49011229999999995,0.51348877,0.12170410000000002,0.075302124
7.926941,-1.4486084,0.58587646,0.48153687,-0.02104187,0.034820557
8.511139,-1.1325684,0.3249054,0.5017699999999999,-0.053009033,-0.01737976
8.671539,-0.7614746,-0.06535339,0.49963379999999996,-0.035964966,-0.033355712999999995
8.599716,-0.62020874,-0.19703674,0.40908813,-0.08389282,0.042266846
8.879837,-0.9793396000000001,-0.53700256,0.20349121,-0.12118530000000001,0.11578369
9.40657,-1.1397552,-1.3175201,-0.0052948,-0.03276062,0.08595276
9.945250999999999,-0.8596344000000001,-1.8514252,-0.15975952,0.116378784,-0.031234741
10.541412,-0.007293701,-2.2057648,-0.19810486,-0.031692505,-0.119644165
11.764847,0.32310486,-2.3374481,-0.12034607,-0.31611633,-0.031234741
12.916458,0.24649048,-2.0261993,-0.22900389999999998,-0.48976135,0.38742065
13.292357999999998,0.41886902,-0.90571594,-0.33338928,-0.38963318,0.7986145
12.904494999999999,0.5601349,1.8117064999999999,-0.31529236,-0.13716125,0.83270264
10.821533,0.552948,4.8164215,-0.23432922,-0.10519409,0.48329163
8.321991,0.6822357,6.4756165,-0.16827393,-0.040222167999999996,0.07209778
8.676331,0.7803955,3.8491669,-0.19917297,0.07908630000000001,-0.16012573
10.862244,-0.8332976999999999,2.5371552000000004,-0.2566986,0.200531,-0.21551514
13.677826000000001,-2.8731537,2.6855927000000004,-0.32913208,0.2782898,-0.25387573
14.570862,-2.4589539,2.5587006000000003,-0.42500305,0.33688354,-0.30393982
13.301926000000002,-0.9386443999999999,1.4597626,-0.534729,0.26657104,-0.37104797
11.642746,0.38536072,0.8636017,-0.63912964,0.18667603,-0.42004395
10.359451,0.49787903,0.49249268,-0.7030487,0.21331787,-0.3731842
8.798430999999999,0.29197693,0.2339325,-0.71369934,0.15258789,-0.21978760000000003
7.275726299999999,0.25367737,0.059143065999999994,-0.6742859,0.11531067,-0.02696228
6.99321,0.12918091,0.078308105,-0.5986481,0.1451416,0.08595276
6.8902589999999995,0.37098694,0.35842896,-0.5070342999999999,0.15258789,0.08381653
6.669983,0.39492798,0.6194,-0.4090271,0.12915039,0.019897461
6.839981,0.34944153,0.3536377,-0.33233643,0.051391599999999996,-0.009918213
7.390640299999999,-0.52204895,0.0064697266000000005,-0.2566986,-0.047683715999999994,0.009246826
7.986801,-1.2355194,-0.23533629999999997,-0.119277954,-0.10307312,-0.02909851
8.39621,-1.2810059,-0.56333923,0.17047119,-0.078567505,-0.19207764
8.345932000000001,-0.54119873,-1.2624511999999999,0.50390625,0.038604736,-0.30393982
8.927719,0.14593506,-1.2935791,0.7158966,0.16004944,-0.23150635
10.773651,0.16029358,-0.6471405,0.6999054,0.09080505,-0.04295349
12.988281,-0.7231598000000001,0.2387085,0.61468506,-0.03276062,0.05505371
14.319458,-1.9322357,0.7175598000000001,0.43891907,-0.33210754,-0.06637573
15.028151999999999,-3.114975,1.3616028,0.28871155,-0.21598816,-0.32310486
13.694579999999998,-3.4884644000000002,0.64094543,0.22267151,0.03327942,-0.49249268
11.218979,-0.39515686,2.5155945,0.085250854,0.02583313,-0.43389893
10.390578999999999,1.8625793000000002,4.842758,0.014938354499999999,-0.048736572,-0.21125793
10.211014,0.69898987,3.1356964,0.07246399,-0.045547485,-0.024841309
9.739365,0.89772034,2.6424866000000002,0.17900085,-0.1446228,0.13708496
10.584503,0.7875824,2.3887023999999997,0.19711304,-0.19255066,0.25106812
11.458389,-0.05038452,2.3623657000000002,0.16621399,-0.08282471,0.28834534
11.089691,-0.38317870000000004,2.3456116000000002,0.16407776,0.06311035,0.27236938
9.499939,-0.17489624,1.9266205,0.18539429,0.15898132,0.26704407
9.037857,-0.13418579,0.96655273,0.24078369,0.19839478,0.22549438
8.863083,-0.35446167,0.31532288,0.3473053,0.23780823,0.15731812
8.180725,-0.60824585,0.29138184,0.47940063,0.30812073,0.098739624
7.5103607000000006,-0.90512085,0.31532288,0.55503845,0.32090759999999996,0.061447144
7.613312,-1.3815613000000002,0.6576996,0.5379944000000001,0.22608948,0.011383057
8.192703,-1.5826721000000001,0.98091125,0.550766,0.017303467,-0.01737976
8.496765,-1.4222716999999998,0.6888274999999999,0.6360016,-0.13502502,-0.008865356
8.604507,-1.0751038,0.30815125,0.6722107,-0.11265564,0.03375244
8.827164,-0.838089,0.20280457,0.5475769,-0.12437439,0.13920593
8.590133999999999,-0.6680908,0.3177185,0.28552246,-0.18190002,0.25958252
8.532684,-0.9601898000000001,-0.30955505,-0.011688232,-0.10626221,0.28302002
9.238968,-1.4462128,-1.463562,-0.22367859,0.03755188,0.22549438
10.165527,-0.9027252,-2.368576,-0.29504395,0.031158447000000002,0.12110901
11.40094,0.44041443,-2.72052,-0.24179077,-0.12011719,0.07635498
12.801544,0.770813,-2.4068756000000002,-0.17680359,-0.38323975,0.32775879999999996
13.318695000000002,1.0724945,-1.6143951,-0.014877318999999998,-0.43437195,0.6441498000000001
13.368973,1.3645782,0.29138184,0.18432617,-0.16378784,0.7783661000000001
12.638733,0.49787903,2.9776764,0.3387909,-0.15953064,0.6164550999999999
10.893355999999999,-0.4765625,6.6312256,0.45063782,-0.05406189,0.26065063
10.11525,0.09326172,5.805237,0.46128845,0.081222534,0.03161621
9.758514,-0.71836853,3.4996185,0.4410553,0.15791321,-0.007797241
11.089691,-3.5028229,2.7693787,0.40589905,0.19413757,-0.046142578
13.064896000000001,-3.8643494,2.1037903,0.33132935,0.28149414,-0.13989258
12.583664,-1.5347899999999999,1.620163,0.20349121,0.27296448,-0.24108887
10.979553,0.45478820000000003,1.5818633999999998,-0.05003357,0.18881226,-0.33163452
9.648375999999999,0.9503784,1.3879242,-0.28971863,0.07482910000000001,-0.34014893
8.384232,0.5026702999999999,0.6648864999999999,-0.41542053,-0.022109985,-0.2794342
6.799270599999999,0.4332428,0.09985351599999999,-0.43460083,-0.0146484375,-0.16545105
6.2366333,0.90249634,-0.42208862,-0.36322020000000005,0.019439697,-0.05467224
6.4257812,1.323883,-0.34547424,-0.27160645,0.050323485999999994,-0.00033569336000000005
7.2517853,0.6894226,0.43983459999999996,-0.22474670000000002,0.06843567,-0.0014038085999999999
8.104111,0.5936431999999999,0.23153687,-0.2801361,0.043930054,-0.016311646000000003
8.841536999999999,-0.01687622,0.042388916,-0.3493805,-0.06578064,-0.058929443
9.555008,-0.5819092,-0.058166504,-0.29504395,-0.22024536,-0.2048645
9.909348,-0.031234741,-0.17547607,-0.060684204000000005,-0.24581909,-0.38809204
9.552612,0.6391449,-1.1092224,0.17579651,-0.115859985,-0.39874268
9.224609,0.7732085999999999,-1.5808716,0.23332214,0.09826660000000001,-0.228302
9.811188000000001,0.14114379999999999,-1.6886139,0.18325806,0.09080505,-0.17823792
11.807953,-0.2778473,-1.1547089,0.0884552,-0.066848755,-0.33377075
14.211731,-0.47895813,0.030426025,-0.10437012,-0.2500763,-0.49993896
15.358551,-1.4629669,0.8636017,-0.20343018,-0.13290405,-0.57025146
14.477478,-2.4086761,1.5243988000000002,-0.2833252,-0.019973755,-0.53297424
13.062515,-0.9386443999999999,3.8180389999999997,-0.42181396,-0.12118530000000001,-0.33909607
11.362625,-0.10545349,3.8874817000000004,-0.5166168,-0.12437439,-0.13456726
8.913361,0.6463165,2.4294127999999997,-0.5517731,-0.051940917999999996,0.023101807000000002
8.659576,1.8865203999999998,1.8715668,-0.567749,-0.13502502,0.16264343
9.863861,1.0557251,1.8045197,-0.59757996,-0.10307312,0.25
11.195038,-0.85484314,1.8452301,-0.6327362,0.081222534,0.21697998
10.467194000000001,-1.2331238000000002,1.5579223999999998,-0.61569214,0.23036194,0.15838623
8.700272,-0.9577941999999999,0.8779601999999999,-0.5123595999999999,0.34541320000000003,0.1711731
7.986801,-0.9386443999999999,0.3177185,-0.32168579999999997,0.40292358,0.19033813
7.862304700000001,-0.9817351999999999,0.24829102,-0.08732605,0.36245728,0.16903687
7.665985000000001,-0.70401,0.679245,0.12573242,0.2505951,0.12750244
7.505569500000001,-1.2283325,1.21315,0.2450409,0.14086914,0.09553528
7.7066803,-2.2027740000000002,1.6417236000000002,0.2876587,0.12702942,0.053985596
7.982010000000001,-2.8563994999999998,1.7710113999999997,0.3707428,0.015167236,-0.0014038085999999999
8.152008,-2.731903,1.2394867,0.550766,-0.22877502,-0.051467896
8.702667,-2.044754,0.42066956,0.6999054,-0.32357788,-0.046142578
9.598099000000001,-1.0894774999999999,-0.041412354,0.6232147,-0.22451782,0.03375244
9.614853,-0.73753357,0.030426025,0.3387909,-0.12118530000000001,0.10618591
9.387405000000001,-1.0032806,-0.31913757,-0.029800415,0.0077209473,0.12643433
10.134399,-0.91470337,-1.5305939,-0.36961365,0.30386353,0.13282776
11.317139,-0.22277832,-3.1011963,-0.45376587,0.10040283,0.24574279999999998
11.973145,0.37098694,-3.7667847,-0.42395020000000005,-0.3331604,0.38955688
12.121582,0.7085724,-3.2376709999999997,-0.38772583,-0.5025482,0.50886536
13.335448999999999,1.2281189,0.44221497,-0.1821289,-0.24900818,0.5227050999999999
14.594803,2.4826813,4.945709,0.002166748,-0.11053467,0.38742065
11.594864,1.5273895,6.130844000000001,0.13531494,-0.115859985,0.20526123
8.386627,-1.6281738000000001,4.845154,0.15449524,-0.102005005,0.06677246
9.092926,-2.8923035,3.6384735,0.09057617,-0.030639648,-0.05467224
11.83429,-3.5315552,3.2913208,0.044769287000000005,0.04925537,-0.17610168
13.481491,-1.7119598000000003,2.9848632999999998,0.005355835,0.14833069,-0.24002075
12.8302765,-0.4885254,2.1373138,-0.086257935,0.19839478,-0.26985168
11.685837,0.30395508,1.2730103000000002,-0.21835327,0.20266724,-0.26664734
10.505508,0.5266113,0.9066924999999999,-0.279068,0.15153503,-0.27410890000000004
9.2964325,0.25128174,0.55714417,-0.29504395,0.1770935,-0.2506714
7.8694916,0.1124115,0.15492249,-0.27053833,0.1174469,-0.1579895
6.911803999999999,0.6582946999999999,-0.26167297,-0.21514893,0.055648804,-0.065322876
6.926162700000001,0.03819275,0.5116577,-0.14804077,0.071640015,-0.056793212999999995
7.64682,0.33746338,0.8348694,-0.13951111,0.081222534,-0.06851196
7.6731567,0.21536255,0.8348694,-0.23112488,0.05671692,-0.010986328
7.3283997,-0.25151062,0.30096436,-0.4005127,-0.0008087158,0.07635498
7.563034,-0.8045654000000001,-0.19941711,-0.50917053,-0.104141235,0.025222777999999998
7.922165,-0.8332976999999999,-0.6279906999999999,-0.35577393,-0.1563263,-0.22511292
8.566193,0.06692505,-0.7812195,0.0010986328,-0.1797638,-0.43389893
9.380234,1.3095093,-0.8745879999999999,0.31854248,0.0471344,-0.36785890000000004
10.41452,1.9463806000000001,-1.1331635,0.37287903,0.25912476,-0.17823792
11.953994999999999,0.84025574,-1.4539795,0.30789185,0.27510070000000003,-0.11752319
13.203766,-0.5866852,-1.1331635,0.18539429,0.006652831999999999,-0.2474823
13.881332,-1.1134186000000001,0.21476746,0.036254882999999995,-0.09774780000000001,-0.37530518
14.647476000000001,-2.5092316,1.4525757,-0.006362915,0.042877197,-0.43603516
13.828659,-3.0455322,2.3264617999999997,-0.072402954,-0.011459351000000001,-0.3806305
12.114410000000001,-0.8117523,5.2856903,-0.18638611,-0.07537842,-0.21871948
10.03624,-0.5675354,3.8778992,-0.19277954,-0.047683715999999994,-0.032287598
8.420150999999999,0.47633362,2.6640472,-0.097976685,-0.051940917999999996,0.124298096
9.260513000000001,1.3933105,2.8005066000000003,-0.0287323,-0.04234314,0.2531891
11.130386,0.5601349,2.5706634999999998,0.0042877196999999995,0.009841919000000001,0.27876282
11.743300999999999,-0.026443481,2.3096924,0.059692382999999995,0.06097412,0.24148560000000002
10.457611,-1.1158142,1.9290161,0.15556335,0.10145569,0.22230529999999998
9.234177,-1.1301727,1.3783569,0.26208496,0.16111755,0.17436218
8.401000999999999,-0.9003296000000001,1.0024719000000002,0.37927246,0.15258789,0.13069153
7.6252747,-0.5938720999999999,0.81811523,0.48046875,0.19627379999999997,0.11790466
7.0434875,-1.0344086,0.80374146,0.54011536,0.29321290000000005,0.08062744
7.1943207,-1.4677582,0.73431396,0.5294647,0.27510070000000003,0.013519287
7.531905999999999,-1.5323944,0.7510680999999999,0.51242065,0.13342285,-0.047210693
8.307617,-1.4198761,0.6074219,0.56781006,-0.12437439,-0.065322876
9.157561999999999,-1.2067871000000001,0.38237,0.58592224,-0.3203888,0.010314941
9.198273,-0.8883667,0.44700623,0.38778687,-0.30653379999999997,0.18182373
8.626053,-0.69921875,0.6313629,-0.039382935,-0.17018127,0.29367065
8.494369500000001,-0.94821167,0.056762695,-0.37068176,0.0045166016,0.23721313
8.664368,-0.8715973,-1.5377808000000002,-0.44737244,0.21650696,0.102996826
9.722595,0.34225464,-3.261612,-0.39518738,-0.045547485,0.01777649
11.918076,1.1515045,-2.981491,-0.33659363,-0.34701538,0.07635498
13.835830999999999,1.5465393,-1.65271,-0.35256958,-0.5281066999999999,0.425766
14.903656,2.0205994,0.18365479,-0.25883484,-0.29588318,0.73150635
14.060898000000002,1.6063995,2.532364,-0.0756073,-0.06259155,0.6963501
11.360229499999999,-0.38317870000000004,4.63208,0.10122681,-0.09561157,0.42897034
9.234177,-1.7766113000000001,5.987198,0.22799683,0.027954102,0.16371155
9.231781,-1.6808471999999999,3.9545135,0.32919312,0.16004944,0.015640259
10.206223,-2.4374084,3.0878143,0.38671875,0.22290039,-0.023773192999999998
12.159897,-2.76062,3.16922,0.37820435,0.27189636,-0.032287598
13.254044,-1.9825133999999998,2.6017914,0.30895996,0.3017273,-0.047210693
12.286789,-1.1469421,2.1660461,0.16835022,0.29853820000000003,-0.10153198
10.65155,-0.49331665,1.7877655,-0.06175232,0.329422,-0.15266418
9.341919,-0.3041687,1.1365356000000002,-0.26948547,0.28681946,-0.1260376
7.828780999999999,-0.12939453,0.44700623,-0.36109924,0.10784912,-0.047210693
6.794494599999999,0.15072632,-0.12519836,-0.38879395,-0.060455322,0.05505371
6.6484375,0.7013855,-0.4053192,-0.36642456,-0.14355469,0.087020874
6.646042,1.3382416000000001,0.0040893555,-0.30464172,-0.10519409,-0.0045928955
7.096161,1.0653076000000001,0.75346375,-0.18426514,-0.03489685,-0.14733887
7.6085205,0.9168700999999999,0.7223358,-0.14910889,-0.08177185,-0.23255920000000002
8.080169999999999,-0.08630371,0.33688354,-0.13418579,-0.18083191,-0.28689575
8.963638000000001,-1.0487671,-0.39335632,0.05329895,-0.16911316,-0.4189911
9.717804,-0.91230774,-0.8889618,0.31428528,-0.051940917999999996,-0.47331238
9.985961999999999,-0.42388916,-1.5353851,0.32814026,0.024765015,-0.29222107
10.661118,-0.18925476,-1.6790466,0.122543335,-0.030639648,-0.08129883
12.4040985,-0.24911499,-1.1307677999999999,0.034118652,-0.051940917999999996,-0.086624146
13.876541,-0.30178833,0.095062256,-0.06175232,-0.24156189,-0.28796387
13.780776999999999,-1.0344086,0.88035583,-0.121414185,-0.17764282,-0.4701233
13.093628,-2.5355682,1.1221771,-0.15229797,-0.038085938,-0.5159302
12.3250885,-0.9937134,3.2865295,-0.29718018,-0.02104187,-0.39128113
12.088074,0.78518677,5.3240050000000005,-0.41116333,-0.045547485,-0.19847107
10.742523,0.17466736,3.7940980000000004,-0.3770752,0.020507812,-0.06744385
9.550217,1.0341797,2.7646027,-0.26841736,0.06417847,0.05505371
9.990753,1.3526154,2.2283020000000002,-0.17041016,0.08868408,0.18821716
10.539017,0.687027,2.0487366000000002,-0.107559204,0.09613037,0.25106812
10.898147999999999,-0.6393585,2.252243,-0.043640137,0.07696533,0.23721313
10.084122,-1.8149109,1.9314116999999997,0.037322997999999996,0.06843567,0.19673157
8.700272,-1.4653625,1.3089294,0.122543335,0.13661194,0.14666748
7.4959869999999995,-1.0080719,0.9210663,0.25675964,0.21864319,0.09339905
6.646042,-0.921875,0.72473145,0.38565063,0.31983948,0.04866028
6.650833,-1.2810059,0.64811707,0.44212340000000006,0.34007263,0.03375244
7.539092999999999,-1.6114044,0.61460876,0.41548157,0.24208069,0.020965576
8.702667,-2.130951,1.0168304,0.42080688,0.053527832000000004,-0.006729125999999999
9.4592285,-1.9513855,0.7007904,0.46768188,-0.092422485,-0.047210693
9.521484,-1.3073424999999999,-0.048583984000000004,0.42826843,-0.14887999999999998,-0.04827881
9.195877000000001,-0.8213196,-0.32632446,0.23332214,-0.21917725,0.03694153
8.906174,-0.65133667,-0.5585479999999999,-0.103302,-0.18083191,0.17436218
8.913361,-0.8165283,-1.5138397,-0.37600708,0.021560668999999998,0.25532532
9.272491,-0.9817351999999999,-1.8538207999999998,-0.44204712,-0.018920898000000002,0.3203125
10.376221000000001,0.023834229,-1.6000366000000001,-0.4367218,-0.22770691,0.34054565
11.635558999999999,0.9958800999999999,-0.9918976,-0.38772583,-0.45993042,0.33842468
13.3641815,1.4747162,0.21237183,-0.25456238,-0.5270385999999999,0.4960785
14.93956,2.805893,2.556305,-0.11076355,-0.21173096,0.6175232
13.242080999999999,1.8769379000000002,3.9449463,0.01600647,-0.16485596,0.46624756
9.70105,-1.826889,5.5538483,0.087387085,-0.09454346,0.17436218
8.472824000000001,-2.3727722,5.1324615,0.11401367,0.08973694,-0.06958008
9.782455,-2.731903,3.16922,0.122543335,0.17495728,-0.21765137
12.013855,-2.7558439999999997,2.7765656,0.13851929,0.26763916,-0.28475952
13.756820999999999,-1.5874633999999999,2.4365845,0.10122681,0.28681946,-0.29008484
13.20137,-0.3903656,1.8188933999999997,-0.02659607,0.16004944,-0.29754640000000004
11.252487,0.24169922,1.3256836,-0.17359924,0.04499817,-0.26239014
9.813583,0.15312195,1.1365356000000002,-0.30036926,0.0055847169999999995,-0.23255920000000002
8.183121,-0.17010498,0.679245,-0.39624023,0.042877197,-0.16545105
6.9022217,-0.09109497,0.1477356,-0.40690613,0.020507812,-0.061050415
6.3204346,0.34465027,-0.074920654,-0.38240050000000003,0.11424255,0.01777649
6.715484599999999,0.5098572,-0.060562134000000004,-0.3302002,0.23780823,0.028427123999999998
7.191925,0.9719391,-0.26646423,-0.27799988,0.23248291,-0.019515991
7.416977,0.50027466,-0.1491394,-0.29397583,0.08868408,-0.037628174
8.523102,-0.11503601,-0.20181274,-0.34085083,-0.06365967,-0.032287598
9.4592285,-0.37361145,-0.19703674,-0.26734924,-0.19148254,-0.12071228
9.679504,-0.49092102,-0.22097778,0.07141113,-0.23622131,-0.35081482
9.361069,-0.10545349,-0.8386688,0.49963379999999996,-0.18936157,-0.51486206
9.210236,0.24888611,-1.5186309999999998,0.6029663000000001,-0.09347534,-0.40620422
10.184677,0.8785553,-1.2097778000000001,0.44424438,0.052459717,-0.15586853
12.329880000000001,0.766037,0.12619019,0.36328125,-0.023178099999999997,-0.053604125999999995
13.977097,-0.8715973,2.1205597000000003,0.34623718,-0.2820282,-0.30393982
14.918014999999999,-3.7159119,2.0774689,0.34197998,-0.15100098,-0.6309661999999999
13.222916,-5.150039700000001,0.071121216,0.20562744,-0.09986877400000001,-0.6554718
9.389801,-0.5890808000000001,3.40625,0.0181427,-0.14994812,-0.34228516
9.176727,1.3813476999999998,5.5035706,-0.06175232,-0.09347534,-0.021636963
10.773651,0.7085724,3.8587493999999998,-0.023406982000000003,-0.12863159,0.100860596
11.312347,0.924057,2.4557495,0.0010986328,-0.17124939,0.19354248
11.836685000000001,1.1012268,2.10141,-0.0074310303000000005,-0.07217407,0.2542572
11.700211,0.7085724,2.0367584,-0.045776367000000005,0.03967285,0.24681091
10.720978,-0.4406433,1.7853699,-0.045776367000000005,0.051391599999999996,0.23188782
9.461624,-0.5555725,1.1030273000000002,-0.01701355,0.18455505,0.22337341
8.673935,-0.3209381,0.57629395,0.059692382999999995,0.376297,0.17436218
7.6731567,0.18185425,0.111816406,0.20988464,0.37843323,0.079559326
6.825607300000001,-0.05517578,-0.029434204,0.33239746,0.329422,0.013519287
7.3666990000000006,-0.86680603,0.26026917,0.35476685,0.29960632,-0.0024719238
8.333953999999999,-1.3336792,0.6385498000000001,0.28977966,0.24208069,-0.02696228
8.645203,-1.5683136,0.64334106,0.28019714,0.15046692,-0.06851196
8.645203,-1.4557799999999999,0.25308228,0.36860657,0.0087890625,-0.096206665
8.717025999999999,-0.7111969,-0.098861694,0.43359375,-0.14141846,0.009246826
8.748154,-0.28262329999999997,-0.096466064,0.30682373,-0.23942566,0.21591187
8.831955,-0.82611084,0.12139892599999999,0.10975647,-0.16911316,0.32138062
9.107285000000001,-1.826889,-0.077316284,-0.014877318999999998,-0.0072021483999999995,0.27876282
9.418533,-1.3911438,-1.1882324,0.00642395,-0.18615723,0.23295593
10.529449000000001,-0.15093994,-2.234497,0.096969604,-0.27670288,0.28727722
12.298752,0.6606903000000001,-1.9902802,0.20137024,-0.35554504,0.43536377
13.934006,1.2568358999999998,-0.42926025,0.23545837,-0.23410034,0.6026001
14.941956,2.0301666000000003,2.6712189,0.20243835,-0.12544249999999998,0.5578613
13.680206,0.4667511,4.596161,0.14703369,-0.17018127,0.29580688
11.26207,-0.82611084,5.644821,0.07673645,-0.2032013,0.032684326
9.54303,-0.26107788,3.7486115,0.022399902000000003,-0.16166687,-0.09408569
10.242142,-1.0990448,2.6305237,-0.012756348,-0.06365967,-0.16331482
11.839066,-1.1780548,2.1923828,-0.09265137,0.027954102,-0.19741821
12.17186,-0.17727661,1.9290161,-0.22686768,0.036483765,-0.21551514
11.175873,0.9551697,1.426239,-0.3547058,-0.045547485,-0.23362732
10.175094999999999,1.3454285,1.1269684,-0.43992615,-0.12330627400000001,-0.23469543
9.068985000000001,1.2400818,0.62657166,-0.48680115,-0.10733032,-0.21232605
7.816818,0.8785553,0.17407227,-0.4793396,-0.018920898000000002,-0.16865539999999998
6.8495482999999995,0.55773926,0.1477356,-0.41648865,0.10359192,-0.11752319
6.6628112999999995,0.36619568,0.17886353,-0.3621521,0.33581543,-0.053604125999999995
6.8782806,0.39253235,0.13815308,-0.33766174,0.48388672,0.012451172
7.124892999999999,0.39492798,-0.11563110000000001,-0.37068176,0.43701172,0.059310913
7.6970979999999996,-0.5172577,-0.2760315,-0.5038452,0.30493164,0.09339905
8.937302,-0.47177124,-0.5393982,-0.58799744,0.15258789,0.075302124
9.811188000000001,0.021438599,-0.34547424,-0.47720337,-0.031692505,-0.03656006
9.973984,0.924057,-0.19703674,-0.19491577,-0.12223816,-0.22937012
9.24855,1.2113495,-0.85783386,0.17686462,-0.017852783,-0.33909607
9.1623535,1.0892487,-1.3342743000000001,0.3473053,0.09933472,-0.23362732
10.469589,0.8857421999999998,-0.8434601,0.33132935,0.083343506,-0.15693665
12.602829,-0.5364075,-0.22097778,0.24717712,-0.17124939,-0.2549286
14.10878,-1.9130859,1.268219,0.16835022,-0.18083191,-0.42964172
14.898864999999999,-3.2011566000000005,2.0774689,0.11933899,0.06524658,-0.56066895
13.467132999999999,-3.5483246,2.3791351,-0.037246704,0.024765015,-0.48609924
10.754501,-0.8093566999999999,4.804458599999999,-0.08944702,-0.07537842,-0.2240448
9.557404,0.27761840000000004,3.7988892,-0.021270752,-0.061523438,0.023101807000000002
10.213409,1.4220428,3.1764069,0.040512085,-0.09561157,0.20526123
11.123199000000001,1.5249939,2.3863068,0.046905518,-0.13076782,0.30220032
11.594864,0.74209595,2.3384247000000005,0.03944397,-0.06472778,0.34693909999999994
11.015472,0.14833069,2.2091369999999997,0.11508179,-0.0466156,0.36291504
9.602889999999999,0.07411194,1.3616028,0.19497679999999998,0.016235351999999998,0.37570190000000003
8.846313,-0.38557434,0.5810852,0.28233337,0.092941284,0.35758972
8.231003,-0.34008790000000005,0.33448792,0.37713623,0.10145569,0.26704407
7.148834,-0.45022583,0.43264769999999997,0.46554565,0.15686035,0.19779968
6.583801299999999,-0.8332976999999999,0.50686646,0.46128845,0.30386353,0.15199279999999998
6.9046173,-1.2331238000000002,0.6600951999999999,0.40696716,0.34007263,0.10406494
7.845550500000001,-1.7071838,0.6983948,0.38565063,0.20478821,0.04547119
8.788864,-1.4893036,0.44221497,0.39204407,0.018371582,-0.022705077999999997
9.507126,-0.51246643,-0.3047638,0.38032532,-0.113723755,-0.06851196
9.533463000000001,0.32789612,-0.6830596999999999,0.3622284,-0.17443848,-0.028030396000000003
9.399384,0.24649048,-0.4125061,0.12998962,-0.19575499999999998,0.13601685
9.377838,-1.0104674999999999,-0.55137634,-0.25456238,-0.15953064,0.27557373
9.552612,-2.0327911,-1.1044312,-0.39944458,0.0013275146,0.28302002
10.086517,-1.4150848,-1.7484741000000001,-0.30889893,-0.115859985,0.24893188
11.113632,0.5242157000000001,-2.5218048,-0.22154236,-0.371521,0.23295593
12.229324,1.2568358999999998,-2.2967377,-0.28971863,-0.5387573,0.42469788
13.129547,1.8841248,-0.47236633,-0.19064331,-0.5057373,0.6963501
13.548538,2.2887419999999996,3.6097565,0.026657103999999997,-0.26498413,0.63882446
10.989136,0.22254944,5.101333599999999,0.17579651,-0.24261475,0.30006409999999994
8.542252000000001,-1.5084534,5.821991000000001,0.27166748,-0.15739441,-0.025909424
10.215805,-1.1636963,4.964874299999999,0.31854248,0.019439697,-0.13775635
12.988281,-1.3288878999999998,3.399063,0.31321716,0.15472412,-0.14840698
13.725708,-2.4876862,2.8076935,0.23652649,0.29853820000000003,-0.16970825
13.388123,-2.039978,2.1277466,0.11187744,0.38482666,-0.18249512
12.301147,-0.38078308,1.5267944,-0.060684204000000005,0.3997345,-0.21232605
10.871811,0.5912628000000001,1.21315,-0.2364502,0.3805542,-0.27624512
9.667525999999999,0.20579529,0.58348083,-0.36109924,0.35179138,-0.27304077
8.195099,0.04537964,-0.07252502400000001,-0.43992615,0.26870728,-0.16545105
7.208678999999999,0.13395691,-0.35743713,-0.48040770000000005,0.083343506,-0.0024719238
7.05307,0.5625305,-0.32632446,-0.47401428,-0.15846252,0.08062744
6.969269000000001,0.91207886,0.044784545999999995,-0.47401428,-0.32997129999999997,0.047607422
6.828003,1.1921997,0.33926392,-0.51556396,-0.27458190000000005,-0.0024719238
6.48085,0.9934844999999999,0.39672852,-0.49105835,-0.14567566,-0.01737976
6.353958,0.14593506,0.13575745,-0.36535645,-0.08282471,-0.045074462999999995
7.0578460000000005,-1.0727081,-0.4412384,-0.17254639,-0.05406189,-0.12817383
8.025116,-0.88357544,-1.9423981,0.16195679,0.13768005,-0.18569946
9.416138,0.27522278,-2.0094452,0.53160095,0.3805542,-0.14840698
10.852661,0.9958800999999999,-0.8219146999999999,0.70417786,0.20266724,-0.05039978
12.377761999999999,-0.06954956,-0.7453003,0.67967224,-0.15953064,0.044403076
14.408051,-1.1804503999999998,-0.110839844,0.5486449999999999,-0.32783508,0.0028533936
16.134276999999997,-1.7694244,1.2059784,0.37287903,-0.22557068,-0.18675232
15.801483,-3.2634125,2.343216,0.29405212,0.09080505,-0.36679077
11.781616,-3.3184814,2.0104218,0.15449524,0.08868408,-0.41152954
9.521484,-0.39755250000000003,3.6767883,-0.034057617000000005,-0.008255005,-0.26771545
9.815978999999999,0.79714966,3.1141509999999997,-0.09690857,-0.07110596,-0.07171631
10.761688000000001,1.1754456,3.217102,-0.088378906,-0.039154053,0.09020996
11.381775,0.7181549,2.8579712,-0.10649109,-0.031692505,0.20526123
11.405716,0.05256653,2.2354736,-0.09477234,-0.05833435,0.20845032
10.553390499999999,-0.04560852,2.233078,-0.05003357,-0.0061340330000000005,0.13494873
9.887802,-0.06715393,1.5315857,0.02027893,0.07908630000000001,0.09767151
9.291641,-0.07911682,0.86120605,0.14384460000000002,0.16323853,0.08595276
8.740982,-0.39515686,0.43504333,0.28019714,0.25273132,0.07423401
8.161575,-0.86680603,0.22195435,0.42933655,0.25912476,0.09446716
7.347549400000001,-1.316925,0.17167664,0.52734375,0.23994446,0.11790466
7.002777,-1.8436432,0.41110230000000003,0.54011536,0.17176819,0.11151123
7.177566499999999,-1.8580169999999998,0.7510680999999999,0.49325562,0.059921265,0.061447144
7.3164215,-1.8173065,0.96655273,0.4410553,-0.029571532999999997,0.0071258545
7.955673,-1.7526703000000001,0.7151642,0.41336059999999997,-0.059387207000000004,-0.034423828
8.743362,-1.2043915,0.21716309,0.36541748,-0.07431030000000001,-0.03868103
8.987579,-0.6752776999999999,-0.31434629999999997,0.22692871,-0.057266235,0.013519287
8.96843,-0.45501709999999995,-0.8745879999999999,-0.05961609,-0.022109985,0.08381653
9.42572,-0.64175415,-1.5282135000000001,-0.29824829999999997,0.0023956299,0.10725403
10.153549,-1.0583496000000001,-1.9423981,-0.36003113,0.034347534,0.08062744
11.250092,-0.5603484999999999,-1.9208526999999997,-0.33233643,-0.18190002,0.06997681
12.4879,0.16748047,-1.6718596999999997,-0.31741333,-0.41519165,0.20419312
13.062515,1.0246124,-1.4994812,-0.35577393,-0.61227417,0.50886536
13.325867,1.4866943000000001,0.21476746,-0.19277954,-0.41200256,0.6068573
13.057724,0.7516632,3.7701568999999995,0.014938354499999999,-0.277771,0.43322754
10.86702,-0.8213196,5.838744999999999,0.20776367,-0.31079102,0.20739746
8.96843,-1.3624114999999999,5.6352386,0.292984,-0.23835754,0.065704346
9.945250999999999,-1.5946503,3.5905913999999997,0.25782776,-0.10626221,-0.00033569336000000005
11.022644,-2.7989349999999997,2.6401062,0.17153929999999998,0.040740967,-0.088760376
11.822311000000001,-2.4804993,2.6329192999999997,0.09590149,0.19520569,-0.19741821
12.097641000000001,-1.1206055,1.8739471,-0.01914978,0.27189636,-0.26452637
11.827103,-0.15812683,1.0910492,-0.185318,0.24633789,-0.31459045
11.34108,0.20579529,0.5236206,-0.37493896,0.20266724,-0.36253357
10.498322,0.21775818,0.16448975,-0.5624237,0.18774414,-0.33056640000000004
8.618866,0.5936431999999999,-0.22575378,-0.6380615,0.15046692,-0.20700073
7.4121857,0.67744446,-0.52983093,-0.628479,0.16537476,-0.06958008
7.230239999999999,0.6463165,-0.40771484,-0.61143494,0.26231384,0.004989624000000001
7.4337463,1.1730499,-0.36941528,-0.56030273,0.31344604,-0.005661010699999999
7.431350699999999,0.7779999,0.097457886,-0.5389862,0.18455505,-0.05039978
7.479233,0.12199402,0.07591247599999999,-0.61782837,0.06524658,-0.014190673999999999
7.74498,-0.47416687,-0.46757507,-0.6796112,-0.06578064,0.038009644
8.010742,-1.2067871000000001,-0.38137817,-0.50064087,-0.12863159,-0.09941101
7.852722,-1.1229858,-0.206604,-0.12246704,-0.090286255,-0.29008484
8.209457,0.17466736,-0.57292175,0.18005371,-0.07431030000000001,-0.3263092
9.7202,1.2807921999999998,-0.37420654,0.29617309999999997,-0.057266235,-0.22084045
12.392136,0.710968,-0.0007019042999999999,0.26208496,0.034347534,-0.07597351
14.645081,-1.3265076,0.31054688,0.10549927,0.0087890625,-0.15480042
15.212508999999999,-3.1676482999999998,0.066329956,0.0042877196999999995,-0.0029296875,-0.41471863
14.594803,-4.194748000000001,-0.21139526,0.038375854,0.13449097,-0.61499023
12.499878,-2.0279999,0.7678375,-0.006362915,0.041809082000000004,-0.6139220999999999
11.989914,0.6726532,4.4668730000000005,-0.11076355,-0.080703735,-0.39767456
11.204605,0.25128174,4.469269000000001,-0.14910889,-0.07217407,-0.1537323
9.516693,-0.6058501999999999,3.7893220000000003,-0.13632202,-0.08709717,0.05718994
9.210236,0.14114379999999999,3.0734557999999996,-0.119277954,-0.09135437,0.19354248
10.012299,0.5314026,2.5634918,-0.07772827,-0.037017822,0.22869873
11.037018,0.0836792,2.4629211,0.005355835,0.09933472,0.1946106
10.543808,-0.33050537,1.5076447,0.10122681,0.19734192,0.1796875
9.655563,-0.38078308,0.64811707,0.21627808,0.20692444,0.21058655
8.800827,-0.43824768,0.38716125,0.32919312,0.13449097,0.23828125
7.924545299999999,-0.8524475,0.47573853,0.41868590000000006,0.09613037,0.21910095
6.9812316999999995,-0.8787841999999999,0.46377563,0.44744873,0.08015442,0.15945435
6.4545135,-1.0679321000000002,0.58348083,0.39204407,0.09613037,0.08381653
6.8184357,-1.6999970000000002,1.0216216999999999,0.31961059999999997,0.16430664,0.015640259
7.802444500000001,-2.0375824000000002,0.8659973,0.30682373,0.19200134,-0.05253601
8.841536999999999,-1.4557799999999999,0.013656616000000002,0.41015625,0.17495728,-0.1260376
9.612457000000001,-0.38557434,-1.1427459999999998,0.5763397,0.13235474,-0.1579895
10.067368,0.24169922,-1.7843933,0.60723877,0.018371582,-0.08129883
10.402557,-0.028839111,-1.5401764,0.3515625,-0.17764282,0.09767151
10.503113,-0.99609375,-0.91290283,-0.052169799999999995,-0.30014038,0.2734375
10.560562,-2.130951,-0.5968628,-0.3270111,-0.18296814,0.34587097
10.713791,-2.3536072,-1.0804901000000002,-0.33552550000000003,0.018371582,0.26490784
10.922089,-1.1325684,-1.839447,-0.21408081,0.009841919000000001,0.16159058
11.094482000000001,0.7588501,-1.8657837,-0.23326111,-0.28523254,0.31710815
12.229324,2.3007202,-0.7524871999999999,-0.28652954,-0.42904663,0.68356323
14.001038000000001,2.829834,2.1133728,-0.11288452,-0.23728943,0.7336273
11.946808,0.6463165,4.873886,0.047973632999999995,-0.10519409,0.40126038
7.924545299999999,-1.0128632,5.7645264,0.13105774,-0.14994812,-0.00033569336000000005
8.666748,-1.0727081,4.6584167,0.18432617,-0.09667969,-0.22511292
12.145522999999999,-1.024826,3.5977782999999994,0.18858337,0.05885315,-0.23362732
13.397689999999999,-1.6018371999999999,3.1500702,0.10975647,0.17176819,-0.15586853
12.576492,-2.0064545,2.7837523999999996,-0.027664185,0.25912476,-0.098342896
11.836685000000001,-0.91470337,2.0032349,-0.20556639999999998,0.26977540000000005,-0.100479126
10.807175,0.24888611,1.3783569,-0.31529236,0.15046692,-0.18995667
9.447266,0.50027466,0.7486725000000001,-0.36109924,0.14300537,-0.22723389
8.029892,0.33746338,0.26026917,-0.36747742,0.16537476,-0.14521789999999998
6.883072,0.8857421999999998,-0.285614,-0.325943,0.095062256,-0.034423828
6.796890299999999,0.71336365,0.119003296,-0.27160645,0.057785034000000006,0.05505371
7.2733307,0.4452057,0.41349792,-0.23858643,0.081222534,0.08381653
7.287689,0.25128174,0.43025208,-0.24711609,0.06524658,0.07635498
7.225448599999999,-0.10784912,0.28660583,-0.35896300000000003,0.042877197,0.089141846
7.479233,-0.32572937,-0.043807982999999995,-0.44099426,-0.07005310000000001,0.06037903
8.10173,-0.16291809,-0.3909607,-0.31315613,-0.17231749999999998,-0.10685730000000002
8.647598,0.5888671999999999,-0.4819335999999999,-0.0052948,-0.19255066,-0.29968262
9.102492999999999,1.1802216,-1.0493622,0.2684784,-0.13609314,-0.34654236
9.950042999999999,1.2185363999999999,-0.76205444,0.3473053,-0.066848755,-0.26771545
11.491913,0.1124115,-0.64953613,0.31747437,0.03967285,-0.1729126
13.309113,-1.1325684,-0.23054504,0.20988464,-0.038085938,-0.26239014
14.491852,-1.4438171,0.34884644,0.04902649,-0.09561157,-0.43815613
15.375304999999999,-2.5643005000000003,1.0862578999999999,0.08099365,0.10145569,-0.5542755
14.20694,-2.171646,1.7805786,0.04902649,0.10784912,-0.5287018
13.096024,-0.22994995,4.900223,-0.06388855,0.016235351999999998,-0.34014893
11.116028,-0.9027252,4.0502777000000005,-0.09265137,0.054595947,-0.11857605
8.913361,-0.19404602,3.4828644,-0.032989502000000004,0.083343506,0.065704346
9.145599,1.2712097,2.8052979,0.025604248,-0.008255005,0.21377563
10.515075999999999,0.78518677,2.4772950000000002,0.06607056,-0.011459351000000001,0.28089905
11.453598,-0.01687622,2.4820862,0.13426208,0.05671692,0.27983093
10.498322,-0.51486206,1.9673308999999997,0.20349121,0.08229065,0.23614502
9.140808,-0.70880127,1.3017426,0.27380370000000004,0.08973694,0.19993591
8.537460000000001,-0.7016144,0.8444519,0.3515625,0.116378784,0.17224121
7.867096000000001,-0.8811798000000001,0.6816406,0.42401123,0.19734192,0.13815308
7.0267334,-1.3193207,0.545166,0.47193909999999994,0.30386353,0.13388062
6.7394257,-1.1493225,0.4948883,0.44744873,0.31344604,0.14241028
7.144042999999999,-1.3791656,0.7462920999999999,0.36541748,0.21864319,0.10725403
8.12088,-1.5539551,0.7965698,0.29830933,0.10998535,0.03694153
8.980392,-1.1636963,0.38955688,0.29724120000000004,0.027954102,-0.037628174
9.121658,-0.60105896,-0.17547607,0.31854248,-0.04447937,-0.07597351
9.140808,-0.33050537,-0.6471405,0.27273559999999997,-0.07537842,-0.01524353
9.337128,-0.21559143,-0.8434601,-0.010620117,-0.04234314,0.12643433
9.380234,-0.35446167,-0.9871216,-0.33659363,-0.057266235,0.18395996
9.3754425,-0.85484314,-1.1810455,-0.4367218,0.10998535,0.10192871
9.962021,-0.86680603,-1.5832671999999999,-0.41862488,-0.00932312,-0.0045928955
11.360229499999999,-0.20123291,-1.7508698,-0.34191895,-0.3523407,0.006057739300000001
12.662674,0.9575653000000001,-1.1355591,-0.39518738,-0.5099945,0.35440063
13.8741455,2.4946442,-0.2640686,-0.36747742,-0.3800354,0.7006073
14.319458,1.9176483,2.2019653,-0.18638611,-0.20959473,0.6548004
11.8701935,-0.54359436,4.73024,-0.029800415,-0.22770691,0.33203125
9.1623535,-1.6904144,6.1475983,0.037322997999999996,-0.19041443,0.059310913
9.586121,-1.4055023000000002,4.6536254999999995,0.025604248,-0.09774780000000001,-0.033355712999999995
10.972366000000001,-2.1213683999999997,3.6696013999999995,-0.023406982000000003,0.013046265,-0.063186646
12.337067,-2.9210358,3.2625884999999997,-0.09477234,0.07589722,-0.13775635
12.286789,-1.6281738000000001,2.611374,-0.20343018,0.09826660000000001,-0.1963501
11.345871,-0.012084961000000002,1.8428345000000002,-0.3067627,0.051391599999999996,-0.23895264
10.345092999999999,0.339859,1.4142609,-0.43032837,0.032211303999999996,-0.28901672
9.533463000000001,-0.024047852,1.1628723,-0.52301025,-0.030639648,-0.28689575
8.288467,0.25128174,0.49011229999999995,-0.5613556,-0.0466156,-0.19207764
6.974060000000001,0.3542328,0.16448975,-0.548584,-0.0029296875,-0.06744385
6.748993,0.29437256,0.032806396,-0.49317932,0.07801819,0.009246826
7.223053,0.52182007,0.18843079,-0.37919617,0.18455505,0.04547119
7.922165,0.6750488,0.3177185,-0.2875824,0.19520569,0.022033691
8.367477000000001,0.58647156,0.008865356,-0.28546143,0.15686035,0.0018005370999999999
8.743362,-0.024047852,-0.52264404,-0.3536377,0.104660034,0.010314941
8.901382,-0.6656951999999999,-0.8099518,-0.33872986,-0.05406189,-0.07809448
9.12883,-1.3288878999999998,-0.5968628,-0.13313293,-0.11479187,-0.2506714
9.136016999999999,-0.35446167,-0.8674011,0.14384460000000002,-0.05406189,-0.32310486
9.2677,0.6606903000000001,-1.0062714,0.22906494,-0.025299072000000002,-0.24855042
10.74971,0.91926575,-0.7764281999999999,0.16195679,0.031158447000000002,-0.14308167
12.926041,0.06692505,-0.62319946,0.13319397,-0.02104187,-0.19528198
14.003433,-0.8213196,0.6960144,0.035186768,-0.19255066,-0.4051361
14.400864000000002,-2.1979827999999997,1.4645386,0.096969604,-0.035964966,-0.6224518
13.491074,-3.4621277000000004,0.5786896,0.09057617,-0.012527466000000001,-0.64907837
12.255661,-0.6944275,4.244217,-0.051101685,-0.06259155,-0.40087890000000004
10.955612,-0.24671936,4.5578613,-0.09370422,0.055648804,-0.11538696
9.598099000000001,-0.5771179,3.679184,-0.0287323,0.07696533,0.05079651
9.5933075,0.5026702999999999,3.0758362,0.02986145,0.0023956299,0.1796875
10.479172,0.7684326,2.204361,0.08418274,0.031158447000000002,0.27876282
11.154327,0.60562134,2.4006805,0.18005371,0.055648804,0.33842468
10.270874000000001,0.05734253,2.43898,0.28659058,0.019439697,0.35226440000000003
8.839141999999999,-0.38796997,1.8667755000000001,0.36116028,0.046066284000000006,0.28834534
7.950882000000001,-0.70640564,1.3807526,0.40164185,0.09187317,0.18182373
7.108124,-0.8309021000000001,1.0192261,0.45703125,0.13661194,0.10832214
6.629287700000001,-1.4940948,0.77500916,0.45809937,0.28149414,0.08062744
7.290085,-2.1644745,0.5906677,0.41441345,0.3251648,0.08595276
8.386627,-1.7167511000000002,0.32730103,0.37713623,0.22929382,0.08595276
8.999542,-1.4940948,0.3464508,0.38246155,0.15791321,0.075302124
9.497542999999999,-0.78541565,-0.12519836,0.41122437,0.12809753,0.03907776
9.394592,-0.04081726,-0.577713,0.43678284,0.08229065,0.026290894
9.119263,0.29197693,-0.6160126,0.35263062,0.026885986,0.100860596
9.238968,-0.12460327,-0.59207153,0.033050537000000005,0.0002593994,0.22337341
9.703445,-1.0415955,-0.85783386,-0.32273865,0.053527832000000004,0.25
9.906952,-1.5060577,-0.8530426,-0.5208893,0.13449097,0.17224121
10.318756,-0.6656951999999999,-1.2289276000000002,-0.52301025,-0.068984985,0.014572143999999999
11.556549,1.0700988999999999,-1.5353851,-0.44737244,-0.34169006,-0.03656006
12.954773,2.1091766,-1.5401764,-0.47187805,-0.47911072,0.30220032
14.18779,2.8872986000000003,-0.44842529999999997,-0.38026428,-0.23303223,0.67930603
13.929214499999999,2.5161896,1.5866547,-0.18106079,-0.07217407,0.6505432
10.874207,-0.6058501999999999,4.3423767,-0.025527954,-0.14781189,0.28515625
8.681122,-2.2482604999999998,6.020706,0.02772522,-0.08602905,-0.03656006
9.871033,-1.7814026,4.47406,0.047973632999999995,0.038604736,-0.13562012
11.434448,-1.8125305,3.5738373,0.096969604,0.13768005,-0.11752319
12.461563,-2.554718,3.3009032999999994,0.13638306,0.18562317,-0.13029480000000002
12.375366,-1.9106903000000002,2.4198303,0.110824585,0.22822571,-0.16438293
11.460785000000001,-0.56274414,1.8164977999999998,0.026657103999999997,0.20692444,-0.20700073
10.201431,-0.14376831,1.6728363000000002,-0.076660156,0.200531,-0.21871948
9.04744,-0.12460327,1.2897644,-0.1821289,0.18241882,-0.15905762
7.4696503,-0.2706604,0.49967957,-0.2801361,0.13128662,-0.04081726
6.339584400000001,-0.14137268,-0.043807982999999995,-0.29397583,0.041809082000000004,0.07849121
6.4617004,0.04058838,0.063934326,-0.20982361,0.013046265,0.12110901
7.088974,0.21775818,0.58348083,-0.13951111,0.027954102,0.08062744
7.6204834,0.76364136,0.61221313,-0.16508484,-0.102005005,0.06465149
7.740203999999999,0.87376404,0.3177185,-0.23432922,-0.28735352,0.03694153
7.950882000000001,0.05734253,0.097457886,-0.23007202,-0.26072693,-0.056793212999999995
8.623657000000001,-0.61302185,-0.060562134000000004,-0.015945435,-0.19680786,-0.24960327
8.95166,0.18185425,-0.7381134,0.2876587,-0.20747375,-0.3806305
9.270096,0.10523987,-1.1092224,0.43466187,-0.061523438,-0.31140137
10.522263,0.47154236,-0.8889618,0.38246155,0.057785034000000006,-0.16119385
12.3250885,0.7037810999999999,-0.41011047,0.29617309999999997,0.11531067,-0.12817383
13.380935999999998,0.03100586,0.30815125,0.13426208,-0.15420532,-0.33695984
14.501419,-1.3911438,1.4190521,0.046905518,-0.045547485,-0.5862274000000001
15.265167000000002,-2.894699,1.426239,0.010681152,0.03541565,-0.6607970999999999
12.851822,-1.6521148999999997,2.7909393,-0.10116577,-0.15420532,-0.51272583
10.962799,-0.5603484999999999,4.9505004999999995,-0.20236206,-0.16166687,-0.25706482
10.1032715,-0.88597107,3.9138184000000003,-0.19277954,-0.050872803,-0.06958008
9.674713,0.36380005,3.4948273000000003,-0.14271545,-0.09561157,0.05505371
10.373825,0.7612456999999999,2.6999512,-0.06600952,-0.12437439,0.15199279999999998
11.247711,0.40930176,2.1660461,0.061813354,-0.115859985,0.17329407
10.596480999999999,-0.07194519,1.9601439999999999,0.2141571,-0.12011719,0.15838623
9.499939,-0.7518921,1.5962219,0.38352966,-0.09881592,0.13920593
8.903777999999999,-0.9889220999999999,1.2730103000000002,0.53053284,-0.012527466000000001,0.11683655
8.21904,-1.0942688,1.0407715,0.66581726,0.04925537,0.10725403
7.3762817,-1.3001709,1.0455627,0.77767944,0.14300537,0.09234619
6.9572906,-1.8388519,0.95936584,0.80963135,0.24420166,0.07102966
7.0674285999999995,-2.0974274,0.7007904,0.76168823,0.22290039,0.04547119
7.472046000000001,-1.5994415000000002,0.5116577,0.70843506,0.09187317,0.019897461
8.386627,-1.3025513000000002,0.49011229999999995,0.65304565,-0.0039978027,0.009246826
9.219818,-1.0080719,0.14533997,0.55610657,-0.05406189,0.01777649
9.011519999999999,-0.49810790000000005,-0.28321838,0.40908813,-0.10946655,0.09020996
8.537460000000001,-0.46697998,-0.49391174,0.15768433,-0.07110596,0.18501282
8.683517,-0.9314575,-1.1188049,-0.16508484,0.14193726,0.21272278
9.418533,-1.103836,-1.8921203999999998,-0.41967773,0.34541320000000003,0.20100403
10.603667999999999,0.17945862,-2.4930725,-0.51768494,0.11424255,0.25639343
12.272414999999999,1.3765564,-2.4810944,-0.6092987,-0.24368286,0.39700317
13.857391,1.0054474,-2.0668945,-0.53260803,-0.45993042,0.46092224
14.712112,1.2041779,-0.39575195,-0.3493805,-0.22024536,0.45240784
14.115951999999998,2.4084472999999997,1.584259,-0.15229797,-0.043411255,0.36184692
12.140747,0.8306732,4.502792400000001,0.040512085,0.018371582,0.22444153
10.03624,-1.1876373,5.513138,0.10017395,0.09613037,0.09553528
9.329956,-1.7861938000000002,4.1963349999999995,0.037322997999999996,0.18135071,0.004989624000000001
10.553390499999999,-3.2921447999999995,3.430191,-0.074539185,0.19200134,-0.10366821
12.317917,-2.6481017999999996,2.8819122000000004,-0.20875549999999998,0.20159912,-0.20912170000000002
12.463959,-0.8452606,2.2019653,-0.36428833,0.20799255,-0.26452637
11.353043,-0.036026,1.5794678,-0.5443115,0.14407349,-0.33163452
10.002716,0.43803406,1.0359802,-0.6966553000000001,0.12809753,-0.35932922
8.977997,0.72772217,0.77023315,-0.7808075,0.09187317,-0.28582764
7.555847,0.90489197,0.30336,-0.7808075,-0.041290283,-0.18356323
6.796890299999999,0.7373046999999999,0.1477356,-0.69877625,-0.0072021483999999995,-0.06211853
6.839981,0.78518677,0.25787354,-0.5549774000000001,0.11210632,0.013519287
6.634078999999999,1.0892487,0.47094727,-0.44525146,0.13768005,0.016708373999999998
7.0363007,0.47872925,0.5738983,-0.42074585,0.0055847169999999995,0.0018005370999999999
7.618088,-0.33769226,0.27941895,-0.44737244,-0.18296814,0.01777649
8.417755,-0.94581604,0.008865356,-0.39411926,-0.22238159,-0.032287598
9.040253,-1.3887482,0.06872558599999999,-0.11608887,-0.15527344,-0.21871948
9.215027000000001,-0.85484314,0.119003296,0.23545837,-0.22344970000000003,-0.33589172
9.255722,0.34944153,-0.58010864,0.30682373,-0.22557068,-0.228302
10.388183999999999,1.0365753,-1.2648468000000002,0.13745117,-0.051940917999999996,-0.04295349
12.4040985,0.62716675,-0.5992584,0.0884552,0.1451416,0.003921509
12.9140625,-0.8093566999999999,0.6002350000000001,0.07673645,-0.016784668,-0.36146545
12.818298,-2.1524963,-0.022247314,0.096969604,-0.13183594,-0.786499
13.673035,-2.3560027999999997,-1.0541534,0.106552124,-0.033828735,-0.81632996
13.0720825,0.12199402,1.3161011,0.02772522,-0.14355469,-0.58303833
12.741684,1.0581207000000001,5.8076324,-0.12886047,-0.11691284,-0.27624512
12.904494999999999,-1.2977753,5.652008,-0.15975952,0.052459717,-0.06851196
9.677109,-1.6832428,3.241043,-0.08305359,0.07696533,0.03375244
8.597321,0.5170288,2.6616516,0.0032348633000000003,-0.028503418,0.124298096
9.940475,0.9216614,2.1373138,0.07673645,-0.026367188,0.20526123
11.101654,0.36380005,2.2594147,0.15556335,0.029022217000000003,0.27023315
10.582123,-0.18206787,2.0032349,0.24824524,0.07057189999999999,0.28727722
9.133621,-0.253891,1.5483398000000002,0.36434937,0.043930054,0.2542572
8.072998,-0.40234375,1.1365356000000002,0.4644928,0.050323485999999994,0.16052246
7.156006,-0.86442566,0.83247375,0.55822754,0.13449097,0.079559326
6.8615265,-1.5874633999999999,0.6313629,0.62854004,0.22929382,0.05718994
7.321213,-1.8244933999999997,0.6194,0.6264038000000001,0.23994446,0.05293274
8.609299,-1.9537811,0.62657166,0.56781006,0.10998535,0.03694153
9.492752000000001,-1.1708832,0.24589539,0.58166504,-0.0466156,0.023101807000000002
9.432891999999999,-0.34008790000000005,-0.35743713,0.6668854000000001,-0.10626221,0.015640259
8.788864,0.26564026,-0.70939636,0.71269226,-0.09135437,0.067840576
8.173553,0.20339966,-0.7883911,0.53266907,-0.09986877400000001,0.23295593
8.149612,-0.2778473,-0.8338928,0.17900085,-0.104141235,0.35226440000000003
8.887024,-1.2714386,-1.0613403000000001,-0.1267395,-0.08815002400000001,0.38742065
9.930893,-1.4773406999999998,-1.6838226000000003,-0.29718018,-0.12651062,0.35972595
10.938858,-0.52923584,-2.4116668999999997,-0.36961365,-0.25221252,0.29580688
12.068909,0.5816803,-2.0716858,-0.3344574,-0.49295044,0.35865784
13.005051,1.8913116,-1.0972443,-0.16082764,-0.4737854,0.5014038
14.487060999999999,3.5911864999999996,0.5092621,0.00642395,-0.20426941,0.49394226
14.415237,2.3102875,2.798111,0.16300964,-0.19148254,0.33628845
12.375366,-1.0918732,6.133239700000001,0.26101685,-0.080703735,0.15092468
11.302764999999999,-1.0727081,6.0542297,0.25994873,0.038604736,0.051864624000000005
9.7202,-1.779007,3.7701568999999995,0.17472839999999998,0.11956787,-0.016311646000000003
9.945250999999999,-3.071869,3.083023,0.036254882999999995,0.19306946,-0.10899353
11.379379,-2.226715,2.4485626,-0.111816406,0.26870728,-0.1963501
11.623596000000001,-0.22038269,2.0224,-0.2609558,0.29747009999999996,-0.23362732
11.245316,0.9144745000000001,1.4549713,-0.44525146,0.24952698,-0.25706482
10.239746,1.2089538999999998,0.7007904,-0.65296936,0.16323853,-0.24641418
8.87265,1.0581207000000001,0.13098145,-0.7520446999999999,0.04499817,-0.1729126
7.4935913,0.78279114,-0.034225464,-0.7254181,0.04499817,-0.09088135
6.952499400000001,0.6032257,-0.19464111,-0.6657562,0.15153503,-0.009918213
7.0602417,0.96954346,-0.32870483,-0.5858612,0.24952698,0.03375244
7.551056,1.1443176000000002,0.04957580599999999,-0.46655273,0.21650696,0.028427123999999998
8.468033,0.6175841999999999,0.47573853,-0.43460083,0.07376099,0.006057739300000001
8.592528999999999,0.019042969,-0.09408569,-0.51875305,-0.0146484375,0.014572143999999999
8.484802,-0.79737854,-0.582489,-0.5336609,-0.04234314,-0.00033569336000000005
8.501555999999999,-0.9434203999999999,-0.18745422,-0.32168579999999997,-0.02104187,-0.12710571
8.353119,-0.35206604,-0.33828735,-0.0074310303000000005,-0.078567505,-0.27729797
8.319595,0.42605590000000004,-1.4060974,0.18858337,-0.012527466000000001,-0.2709198
9.538239,1.0054474,-1.0948486000000002,0.29084778,0.22290039,-0.119644165
11.336288,0.51464844,0.087875366,0.28552246,0.07376099,0.07316589
12.86618,-0.8309021000000001,0.7151642,0.17260742,-0.09454346,0.102996826
14.199753,-2.1213683999999997,-0.1443634,-0.015945435,-0.08496094,-0.22084045
15.205322,-2.6169738999999996,0.063934326,0.036254882999999995,-0.0146484375,-0.64482117
13.306717,-1.1804503999999998,0.6194,0.17472839999999998,0.13554382,-0.78756714
10.795197,0.63435364,2.161255,0.122543335,-0.03276062,-0.61286926
11.132782,0.32789612,3.92099,-0.012756348,-0.18722534,-0.26664734
10.735352,-0.6369629,4.294494599999999,-0.0052948,-0.10093689,0.013519287
9.349105999999999,0.18423462,3.7246704,0.075668335,-0.11265564,0.18928528
9.320374000000001,0.7732085999999999,3.0662689999999997,0.11401367,-0.13716125,0.2734375
10.883789,0.7444916,2.5060272,0.16088867,-0.043411255,0.31498718
11.331497,0.44041443,2.1325226,0.2418518,0.048202515,0.35972595
9.988358,-0.21319580000000002,1.6249542,0.3473053,0.046066284000000006,0.3799591
9.013916,-0.74949646,1.2011871,0.40696716,0.09613037,0.33947754
8.374664,-0.9793396000000001,0.8564148000000001,0.47726440000000003,0.15472412,0.24148560000000002
7.3116302,-1.1014403999999998,0.56910706,0.53160095,0.21543884,0.15092468
6.782516499999999,-1.8101348999999998,0.46377563,0.5571594,0.24633789,0.110458374
7.4696503,-1.5970459,0.41349792,0.5390625,0.19200134,0.08169556
8.45607,-1.5491638,0.57629395,0.5241394,0.09826660000000001,0.018844603999999997
9.023483,-1.5611267,0.44700623,0.5656891,0.021560668999999998,-0.030166626000000002
8.822372,-0.77583313,-0.012680054,0.5720824999999999,0.03327942,-0.04827881
8.412964,-0.23234558,-0.52264404,0.5454406999999999,0.092941284,-0.0014038085999999999
8.611694,-0.0025024414000000004,-0.6591034,0.37927246,0.062042235999999994,0.10618591
8.901382,-0.49810790000000005,-0.34307859999999996,0.15023804,-0.0008087158,0.19779968
9.741745,-1.4797363000000001,-0.44842529999999997,-0.031921387,0.041809082000000004,0.25
10.795197,-1.4222716999999998,-0.8937378,-0.14378357,0.069503784,0.25852966
11.752884,-0.05278015,-1.4779205,-0.16827393,-0.12118530000000001,0.26065063
12.50705,1.1443176000000002,-1.8586121,-0.17041016,-0.32678223,0.31285095
13.033783,1.7380828999999998,-1.9064941000000002,-0.0010375977,-0.44181824,0.3948822
13.617966000000001,1.4986572,-0.23773193,0.14596558,-0.17231749999999998,0.42897034
13.766403,0.7684326,2.1780242999999997,0.20562744,-0.10733032,0.37570190000000003
12.372986000000001,-1.1876373,4.71109,0.28659058,-0.09667969,0.24786377
10.35228,-1.2163696000000002,5.240204,0.30363464,-0.03489685,0.09660339
9.023483,-0.76387024,3.6672057999999996,0.2450409,0.027954102,-0.021636963
9.219818,-1.9322357,2.8196716,0.16407776,0.031158447000000002,-0.12817383
10.919692999999999,-1.6616821,2.453354,0.047973632999999995,0.036483765,-0.24002075
11.645142,-0.53163147,2.1205597000000003,-0.09158325,0.09933472,-0.31565857
11.058563000000001,0.4452057,1.5220032,-0.21835327,0.11105347,-0.36785890000000004
10.064972000000001,0.8665924,1.074295,-0.31634520000000005,0.11105347,-0.37850952
9.274887,0.69659424,0.57629395,-0.38346863,0.059921265,-0.33377075
8.187911999999999,0.47154236,0.20040894,-0.42820740000000007,0.036483765,-0.23683167
7.448105,0.2895813,-0.015075683999999999,-0.42288208,0.06417847,-0.13562012
7.390640299999999,0.08128357,0.15013123,-0.39518738,0.15258789,-0.056793212999999995
7.5366974,0.1986084,0.39193726,-0.34298706,0.28149414,-0.041885376
7.843155,0.49548339999999996,0.24589539,-0.28971863,0.29321290000000005,-0.033355712999999995
7.821594,0.68463135,-0.043807982999999995,-0.29504395,0.17283629999999997,-0.008865356
8.128052,0.5960388000000001,-0.72135925,-0.3621521,-0.012527466000000001,-0.010986328
9.514297500000001,-0.52923584,-0.637558,-0.3067627,-0.10733032,-0.13136292
10.033844,-0.37121582,-0.048583984000000004,0.026657103999999997,-0.059387207000000004,-0.31777954
9.227005,0.39013672,-0.06295776,0.34197998,-0.025299072000000002,-0.2794342
9.538239,0.9671478000000001,-0.63038635,0.32174683,0.027954102,-0.02696228
11.4991,1.031784,-1.2049866000000002,0.13745117,0.018371582,0.07209778
13.522201999999998,0.07171631,-0.28800964,0.0032348633000000003,-0.10093689,-0.19953918
13.345032000000002,-0.89793396,0.5092621,-0.012756348,-0.17124939,-0.5904999
12.660278,-2.3248749,0.095062256,-0.0074310303000000005,-0.049804688,-0.64801025
11.872589,-2.1381377999999995,1.5986176,-0.14271545,-0.104141235,-0.34761047
11.920471000000001,-1.1924286,5.853119,-0.3078308,-0.13822937,-0.0045928955
12.195801,-1.7047881999999999,5.280899,-0.31954956,-0.11158752400000001,0.11578369
10.68985,0.54096985,3.2865295,-0.26202393,-0.092422485,0.12536621
9.83992,2.2671967,2.9465637000000005,-0.19917297,-0.113723755,0.17649841
10.129608000000001,1.6854095000000002,2.4725037,-0.11395264,-0.059387207000000004,0.23509216
10.747314,0.18423462,2.3168792999999996,-0.029800415,0.019439697,0.26490784
10.608459,-0.85484314,1.7853699,0.045837402,0.08654785,0.26065063
9.576553,-0.9649810999999999,1.3352661,0.14703369,0.104660034,0.21591187
8.417755,-0.8452606,1.0910492,0.27380370000000004,0.13874817,0.14454651
7.2996674,-0.917099,0.8731841999999999,0.40803528,0.21650696,0.07635498
6.6604156,-1.2618561000000001,0.64334106,0.49963379999999996,0.25912476,0.06251526
6.6316833,-1.3265076,0.61221313,0.50816345,0.25698853,0.089141846
7.215866,-1.7239380000000002,0.7510680999999999,0.4644928,0.21971129999999997,0.07102966
8.333953999999999,-1.6856232,0.8133239999999999,0.43678284,0.09187317,0.004989624000000001
9.265305,-1.2953796,0.43025208,0.43252563,-0.047683715999999994,-0.051467896
9.440078999999999,-0.62739563,-0.16590881,0.38565063,-0.09667969,-0.02696228
9.179108,-0.2922058,-0.49630737,0.22799683,-0.12437439,0.11151123
9.24855,-0.62979126,-1.0350037,-0.15550232,-0.10519409,0.24360657
9.638794,-1.1828461000000001,-1.7412872,-0.49424744,0.052459717,0.24360657
10.041031,-1.1924286,-2.076477,-0.5752106,0.029022217000000003,0.18608093
10.756897,-0.09588623,-2.3996887000000005,-0.5251465,-0.43969727,0.31285095
12.033005000000001,0.7612456999999999,-2.1722412,-0.5847931,-0.72091675,0.5887604000000001
13.251648000000001,1.7907562,-0.78601074,-0.4793396,-0.56326294,0.76026917
14.465515,3.2224884,2.1516876,-0.20024109,-0.25965879999999997,0.6729126
12.296371,2.4204254,5.1157074,0.07778931,-0.23516846,0.37463379999999996
9.006729,-1.2451018999999999,6.379837,0.17579651,-0.17124939,0.10939026
9.136016999999999,-2.8970947,4.134079,0.09803772,-0.061523438,-0.019515991
11.0082855,-3.7063292999999997,3.4972230000000004,-0.037246704,0.031158447000000002,-0.10685730000000002
13.119964999999999,-3.5578917999999997,3.434967,-0.17041016,0.12170410000000002,-0.23788452
13.579651,-1.69281,2.5874328999999996,-0.33338928,0.20692444,-0.32524109999999995
12.327484,0.08128357,1.4382172,-0.5443115,0.1770935,-0.38916016
10.742523,0.5457611,0.85401917,-0.7403259,0.18455505,-0.44136047
9.79921,0.26324463,0.6888274999999999,-0.8596344000000001,0.18028260000000002,-0.43176270000000005
8.537460000000001,0.473938,0.15013123,-0.9661559999999999,0.16111755,-0.34335327
6.995605499999999,0.5840759,-0.108444214,-0.94059753,0.14619446,-0.19207764
6.808853,0.66308594,-0.024642944,-0.77015686,0.21438599,-0.096206665
7.07222,0.8234863000000001,0.41110230000000003,-0.56030273,0.29853820000000003,-0.051467896
7.7042847000000005,0.9671478000000001,0.27462770000000003,-0.41755676,0.26231384,-0.022705077999999997
7.924545299999999,0.41647340000000005,0.07591247599999999,-0.39091492,0.13235474,0.004989624000000001
8.448883,-1.0391998,0.030426025,-0.4324646,0.021560668999999998,0.028427123999999998
8.829559,-1.8077393,-0.050979614000000006,-0.3781433,-0.001876831,-0.05467224
8.477615,-1.7574615000000002,-0.103652954,-0.047912598,0.0002593994,-0.26559448
8.393814,-0.45739746,-0.39335632,0.31214905,-0.08496094,-0.36997986
9.236572,0.9791107,-0.88656616,0.3941803,0.009841919000000001,-0.27729797
10.814346,0.9958800999999999,-0.90571594,0.27806090000000006,0.030090332,-0.03656006
12.569305,-0.03363037,0.27223206,0.14596558,-0.030639648,0.13815308
13.392914000000001,-1.2498931999999998,0.77500916,0.0042877196999999995,-0.090286255,-0.1026001
14.003433,-3.0982056,-0.7764281999999999,0.009613037,-0.12223816,-0.59794617
13.167847,-2.5906372,-1.0421905999999999,0.11721802,-0.017852783,-0.7854309
10.948425,0.13635254,1.05513,0.06927489999999999,-0.16378784,-0.5819701999999999
11.350662,1.0102386,5.101333599999999,-0.107559204,-0.22770691,-0.20593262
12.284393,-0.6752776999999999,5.905792,-0.16827393,-0.15846252,0.05505371
10.057785,-0.8021698,4.098175,-0.10116577,-0.14035034,0.16159058
8.599716,0.38774109999999995,3.0016173999999998,-0.029800415,-0.1797638,0.23828125
9.76091,0.75645447,2.4796906,0.05329895,-0.11904907,0.29580688
11.037018,0.45478820000000003,2.3839264,0.13426208,0.043930054,0.34587097
10.876602,-0.17010498,1.8739471,0.22692871,0.13768005,0.35012817
9.8854065,-0.40473938,1.3520203000000002,0.30575562,0.16004944,0.32670593
8.989975,-0.70880127,0.92585754,0.36755370000000004,0.17495728,0.28408813
7.950882000000001,-0.9697571,0.4948883,0.44317627,0.19520569,0.20739746
7.167984,-1.6233826,0.22674560000000002,0.48579407,0.29853820000000003,0.14347839999999998
7.122497599999999,-2.044754,0.41110230000000003,0.44212340000000006,0.36245728,0.13708496
7.8335724,-1.6161957,0.67684937,0.36009216,0.33262634,0.13494873
8.877441000000001,-1.352829,0.7079773,0.33132935,0.247406,0.077423096
9.66275,-0.68725586,0.21716309,0.40483093,0.16430664,-0.010986328
9.179108,0.023834229,-0.5585479999999999,0.51242065,0.07908630000000001,-0.07809448
8.726608,0.36380005,-1.0182343,0.53479004,0.0002593994,-0.012054443
8.927719,-0.19404602,-0.71177673,0.25994873,-0.019973755,0.18821716
9.078552,-0.9577941999999999,-0.20420837,-0.150177,-0.05619812,0.31391907
9.521484,-1.7646331999999998,-0.26646423,-0.3781433,-0.026367188,0.31817627
10.280441,-1.6138,-0.9990844999999999,-0.40263367,-0.015716553,0.20100403
11.365021,-0.41670227,-1.9759216,-0.28546143,-0.21173096,0.112579346
12.3203125,1.2975464,-1.9208526999999997,-0.16934204,-0.5110626,0.29580688
12.938004,2.9926453,-1.0613403000000001,-0.0798645,-0.4972229,0.6452179
14.115951999999998,2.5401306,1.1006316999999999,0.118270874,-0.21705627,0.74002075
12.562119000000001,0.335083,4.0574646,0.2919159,-0.20213318,0.51631165
9.432891999999999,-1.9585723999999998,6.8060149999999995,0.36116028,-0.15846252,0.20419312
9.181503,-2.0495453,4.981628400000001,0.35902405,-0.06472778,0.02949524
10.622817999999999,-2.2410889,3.3200529999999997,0.3515625,0.040740967,-0.046142578
12.085678,-2.7965392999999996,3.059082,0.3153534,0.20372010000000002,-0.1260376
12.875763000000001,-1.9657593,2.5299682999999997,0.23013306,0.29747009999999996,-0.17503357
12.155106,-0.6824646,1.9194488999999997,0.10122681,0.26551820000000004,-0.23683167
11.068146,-0.05996704,1.5220032,-0.032989502000000004,0.26551820000000004,-0.30819702
10.313965,0.14593506,1.0240173000000001,-0.15655518,0.21864319,-0.33270264
8.750549000000001,0.17706299,0.4517975,-0.2524414,0.14086914,-0.25280762
7.091369599999999,0.05494690000000001,0.044784545999999995,-0.29292297,0.15153503,-0.1026001
6.6053467,0.04298401,-0.103652954,-0.29397583,0.24208069,0.012451172
6.772933999999999,0.28479004,0.078308105,-0.3067627,0.34753418,0.028427123999999998
7.213470500000001,0.8354645,0.15252686,-0.39624023,0.23568726,0.010314941
7.8814545,1.2736053,0.0064697266000000005,-0.60183716,-0.041290283,0.0007324219
8.422546,0.7588501,-0.28800964,-0.77441406,-0.29162598,-0.09408569
8.937302,-0.46937559999999995,-0.058166504,-0.6828003,-0.36192322,-0.3028717
9.145599,-0.66329956,0.51405334,-0.37068176,-0.29269409999999996,-0.5010071
8.630844,0.7157593000000001,-0.16351318,-0.025527954,-0.08177185,-0.57025146
8.700272,1.6973724,-1.2983704,0.09803772,0.05885315,-0.47438050000000004
10.498322,1.1778412,-1.4180756,0.13851929,0.07801819,-0.37957764
12.796753,0.011856078999999999,-0.88417053,0.008560181,-0.20213318,-0.32417297
14.891678,-0.9386443999999999,0.93063354,-0.23858643,-0.22877502,-0.322052
16.821410999999998,-3.0527189999999997,2.7119293,-0.33659363,-0.00932312,-0.4189911
14.870132,-3.818863,2.750229,-0.37387085,-0.013595581,-0.44454956
11.0849,-0.7542876999999999,3.9114226999999997,-0.40583800000000003,-0.16378784,-0.28582764
9.274887,0.28718567,3.1356964,-0.34724426,-0.12757874,-0.072769165
9.396988,1.0557251,2.944168,-0.20875549999999998,-0.05406189,0.08274841
9.861464999999999,1.0820618,2.5515137,-0.07347107,-0.09774780000000001,0.22123718
10.517471,-0.28022766,2.3623657000000002,0.034118652,-0.059387207000000004,0.28622437
11.029831,-1.2905883999999999,2.3958892999999994,0.14491272,0.0013275146,0.24893188
9.909348,-1.6616821,2.1923828,0.25357056,0.06736755,0.18182373
8.542252000000001,-1.6353455,1.7422790000000001,0.36328125,0.16430664,0.16796875
8.183121,-1.5276184,1.2993469,0.47087097,0.19839478,0.16691589999999998
7.8934326,-1.3719940000000002,1.2083588,0.57847595,0.19094849,0.1477356
7.740203999999999,-1.3600159,1.1844177,0.6700897,0.21331787,0.11897278
7.7066803,-1.3600159,1.0527496,0.6999054,0.2708435,0.09234619
7.630066,-1.9537811,0.93782043,0.6775359999999999,0.31665040000000005,0.077423096
7.685135000000001,-1.8173065,0.6217804,0.6360016,0.23568726,0.035888672
8.247772,-1.2043915,0.27223206,0.67967224,0.013046265,-0.04081726
9.023483,-0.73991394,-0.25927734,0.7435913000000001,-0.13928223,-0.061050415
9.317978,-0.57951355,-0.29998779999999997,0.62854004,-0.14994812,0.042266846
9.210236,-0.92666626,-0.074920654,0.24717712,-0.13822937,0.1796875
9.057007,-1.4414215,-0.206604,-0.14378357,-0.08177185,0.20419312
9.454452499999999,-1.3695983999999999,-1.1930237,-0.32168579999999997,0.12382507,0.13920593
10.325942999999999,0.20100403,-2.2943572999999997,-0.31315613,-0.031692505,0.10511780000000001
11.532608,1.6662445,-2.610382,-0.24391174,-0.38323975,0.25
12.94519,1.9463806000000001,-2.4499664,-0.3578949,-0.5898895000000001,0.6079254
14.204544,2.2312775,-1.0062714,-0.29397583,-0.40240479999999995,0.8209839
14.221298,1.5776671999999998,2.3623657000000002,-0.09370422,-0.24156189,0.68356323
11.077713000000001,-0.42388916,5.893814,0.10762024,-0.1797638,0.36291504
8.465637,-1.5204315000000002,6.312805,0.17367554,-0.09135437,0.10511780000000001
9.246155,-1.5707091999999998,4.05986,0.18858337,0.0045166016,-0.01737976
11.388962,-2.8276672,3.4708862000000003,0.18751526,0.14619446,-0.08236694
13.337845000000002,-3.0934142999999996,3.430191,0.12359619,0.29533386,-0.14094543
12.928436,-1.8388519,2.4796906,0.008560181,0.36990356,-0.17398071
11.705002,-0.6944275,1.8093109,-0.15229797,0.31451416,-0.2709198
10.831116,-0.43107605,1.5818633999999998,-0.35150146,0.26445007,-0.3497467
9.847092,-0.08151245,0.85401917,-0.548584,0.16537476,-0.31884766
7.9485016,0.028625487999999998,0.18365479,-0.6380615,0.013046265,-0.19102478
6.8974457,-0.10305786,-0.06535339,-0.62527466,0.05885315,-0.039749146
6.8136444,0.27522278,-0.106048584,-0.5613556,0.14939879999999997,0.019897461
7.0554504,1.1371307,0.097457886,-0.46868896,0.17602539,-0.008865356
7.795273,1.1036072000000001,0.45658875,-0.44099426,0.09400939999999999,-0.03656006
8.422546,0.59843445,-0.06295776,-0.5336609,-0.078567505,-0.047210693
8.494369500000001,-0.4885254,-0.5274353,-0.6050415,-0.18829346,-0.08981323
8.343536,-1.403122,-0.4412384,-0.45057678,-0.10519409,-0.24215698
8.096939,-1.0727081,-0.5274353,-0.03831482,0.0002593994,-0.40834045
8.506348,0.6008300999999999,-1.2528687,0.27912903,0.046066284000000006,-0.40620422
9.995529,1.4986572,-1.4204712,0.27912903,0.07908630000000001,-0.26664734
12.267638999999999,0.7492675999999999,-0.9799346999999999,0.20988464,0.071640015,-0.15266418
13.699371,-0.3903656,0.6098175,0.16728210000000002,-0.05619812,-0.27729797
14.096801999999999,-1.7191467,1.4429931999999999,0.054367065,-0.1296997,-0.51698303
14.120743,-4.0822296,0.69122314,0.02772522,0.05671692,-0.65867615
12.23172,-3.3424225,1.4358215,-0.0756073,0.08015442,-0.63842773
11.81752,-0.07911682,5.185135,-0.22047424,-0.031692505,-0.41366577
11.697815,-0.23953247,4.6392517,-0.24391174,0.0013275146,-0.1729126
9.691467,0.20339966,3.5259552000000003,-0.15122986,0.036483765,-0.014190673999999999
9.377838,1.5585175,3.1716156000000004,-0.076660156,-0.066848755,0.15199279999999998
10.086517,1.2807921999999998,2.7358703999999996,-0.031921387,-0.048736572,0.27983093
11.446425999999999,-0.09349060000000001,2.8795166,0.028793335,0.027954102,0.32563782
11.154327,-0.9817351999999999,2.6017914,0.110824585,0.05671692,0.32670593
9.447266,-0.92427063,1.7638245,0.20881653,0.095062256,0.32243347
8.403397,-0.80696106,1.0886536,0.30789185,0.16218567,0.2776947
7.464859,-0.94104004,0.8659973,0.40376282,0.19306946,0.203125
6.808853,-1.4174805,0.84684753,0.47940063,0.17922974,0.15519714
6.9477234,-1.7215424,0.95936584,0.49751282,0.16644287,0.11790466
7.654007000000001,-1.8101348999999998,1.1748505,0.4730072,0.1174469,0.06677246
8.319595,-1.4078979999999999,1.0599213,0.45916748,0.08868408,-0.010986328
8.673935,-1.3217163,0.69122314,0.50283813,0.03967285,-0.10580444
8.863083,-1.0846863000000002,0.06872558599999999,0.5795288000000001,-0.022109985,-0.1260376
8.920547500000001,-0.838089,-0.49391174,0.50923157,-0.029571532999999997,-0.022705077999999997
9.351500999999999,-0.72076416,-0.7883911,0.17579651,-0.017852783,0.13175964
9.492752000000001,-0.75668335,-0.8219146999999999,-0.17041016,-0.07005310000000001,0.19779968
9.387405000000001,-0.8404845999999999,-0.9033203000000002,-0.29185486,0.018371582,0.22123718
9.959625,-0.7614746,-1.5162354,-0.29078674,-0.001876831,0.20526123
11.34108,-0.19883728,-1.6718596999999997,-0.24816895,-0.19361877,0.18182373
12.4831085,1.0916443,-1.0110626,-0.10223389,-0.44502258,0.32882690000000003
13.345032000000002,2.4802855999999998,-0.37898254,0.063949585,-0.418396,0.5056609999999999
14.065674,2.0804443,1.0838623,0.18858337,-0.18403625,0.5003357
13.28038,-0.66329956,3.9066315,0.32174683,-0.20533752,0.39700317
11.539795,-2.2410889,6.6743317,0.41015625,-0.16059875,0.24360657
9.878219999999999,-1.0463715,5.5538483,0.41548157,-0.048736572,0.12643433
8.652389999999999,-2.0567322,3.2985077000000005,0.38778687,0.0002593994,0.05505371
9.485565,-2.894699,2.9297942999999997,0.33346558,0.053527832000000004,-0.037628174
11.570922999999999,-1.8628082,2.7310790000000003,0.22692871,0.18988037,-0.10153198
12.253264999999999,-0.21319580000000002,2.1995697,0.058624268,0.24101257,-0.15161133
11.293198,0.5433655,1.7710113999999997,-0.14057922,0.2239685,-0.22937012
10.431274,0.38774109999999995,1.3903198,-0.30889893,0.20478821,-0.28901672
9.557404,0.18902588,0.76065063,-0.41542053,0.116378784,-0.29008484
8.147217,0.28240967,0.19082642,-0.4559021,0.09187317,-0.20379639
7.5486603,0.59843445,-0.055770874000000005,-0.45909120000000003,0.11956787,-0.0834198
7.337967,0.75645447,0.12139892599999999,-0.43885803,0.13874817,-0.005661010699999999
7.342758,0.8953247,0.36799622,-0.40583800000000003,0.12063599,-0.0045928955
7.637253,0.9264374,0.34405518,-0.42288208,0.006652831999999999,-0.04295349
7.931732000000001,0.45478820000000003,0.080703735,-0.5389862,-0.10839844,-0.049331665
8.271713,-0.02166748,-0.19941711,-0.5592345999999999,-0.12651062,-0.08555603
8.671539,-0.23953247,-0.26885986,-0.31848145,-0.031692505,-0.21018982
8.745758,-0.31135559999999995,-0.46278379999999997,0.002166748,-0.031692505,-0.24427795
8.980392,0.05256653,-1.4204712,0.10229492,-0.028503418,-0.07597351
10.390578999999999,0.6104126,-1.5593261999999999,0.01600647,-0.024246216,0.12750244
12.401703,0.39253235,-0.6878357,-0.002105713,0.0023956299,0.06677246
13.007446,-0.7518921,0.76065063,0.034118652,-0.17231749999999998,-0.36146545
12.504653999999999,-2.1022186,0.6074219,0.07992554,-0.12223816,-0.7119293000000001
